sample	r1	r2	r3	r4	r5	r6	r7	r8	r9	r10	r11	r12	r13	r14	r15	r16	r17	r18	r19	r20	r21	r22	r23	r24	r25	r26	r27	r28	r29	r30	r31	r32	r33	r34	r35	r36	r37	r38	r39	r40	r41	r42	r43	r44	r45	r46	r47	r48	r49	r50
unclassified-kra_unclassified-seq_ERR9709224__merged.hist	453913033	130063372	12780347	5098506	2908909	1840667	1082797	603590	320064	366152	427106	267326	102633	165799	205712	166303	95868	39944	55593	136844	88763	27737	28698	55800	69695	38718	8741	2814	79159	50400	14932	4435	1773	203	95579	16770	4820	2628	524	4400	58187	23846	12656	4745	789	262	116	37	11	105283
unclassified-kra_unclassified-seq_ERR9709235__merged.hist	505544871	71062244	7593171	3125718	1760584	1106536	760094	373445	319743	365785	338970	167171	87641	144709	179545	109626	63195	48476	102054	63719	41330	12914	49500	96249	27958	15531	3506	9348	78631	39314	11647	3459	8551	25652	56176	3510	1008	548	108	17257	49888	20445	10851	4068	677	224	99	32	9	92195
unclassified-kra_unclassified-seq_ERR9709202__merged.hist	496041820	78410211	8193641	3350235	1896755	1195440	946818	465185	261726	299414	349257	247114	94873	95355	118310	171201	98691	41120	27286	67164	118925	37163	16103	29226	62451	34694	7833	10111	75705	37851	11214	3331	1331	152	76515	16889	4854	2647	528	5906	50926	20870	11077	4152	691	229	101	32	9	83283
unclassified-kra_unclassified-seq_ERR9709209__merged.hist	516501609	59012536	6576793	2736333	1533976	961648	661274	324893	382988	438137	212135	104619	113353	187164	180207	57337	35299	47122	99205	96223	62414	19503	13467	26184	55952	86504	19532	6289	2095	1046	41979	66751	26699	3079	978	60	16	7	79302	20399	6798	2785	1477	553	91	29	969	59914	19970	11981
unclassified-kra_unclassified-seq_ERR9709230__merged.hist	515675781	52220995	5867384	2445738	1376816	865093	718008	352767	244435	279632	326182	194628	74722	95886	118969	157100	90562	37733	31251	76926	97604	30500	13215	12285	26252	84006	39892	12845	4280	2139	20848	41696	54189	6250	1987	123	34	17	89898	4993	1663	680	360	134	21	7675	41402	13799	4598	28652
unclassified-kra_unclassified-seq_ERR9709212__merged.hist	465842112	114217277	11256610	4497101	2578994	1636127	933441	809776	318848	249240	290731	328525	218078	120553	73081	105751	167743	124399	19789	48712	92011	88544	38368	11226	12773	40873	97277	37018	12338	6168	1826	541	89830	41020	13051	814	233	126	24	43323	46595	19095	10134	3799	632	209	93	30	9	97814
unclassified-kra_unclassified-seq_ERR9709246__merged.hist	521430425	55793767	6228191	2592432	1452058	909864	630918	309978	358177	409754	220385	108688	101756	168015	177957	56621	37401	49929	105113	75272	48824	15256	17587	34197	73074	40595	9165	2950	4423	61923	39069	11607	4642	534	169	58922	16939	9238	1846	101	3536	36526	19387	7269	1210	402	179	58	18	65398
unclassified-kra_unclassified-seq_ERR9709203__merged.hist	456614992	130617331	12733637	5060002	2876160	1816479	1077155	529221	296986	339751	396309	242875	93245	119512	148283	185285	106810	44503	27258	67097	126737	76331	33075	9677	11212	35878	85389	48592	16196	8097	2398	711	29508	81199	25835	1613	462	251	49	29091	48948	20059	10646	3991	664	220	97	31	9	93691
unclassified-kra_unclassified-seq_ERR9709219__merged.hist	502308886	75411189	7911340	3238998	1830260	1152362	871346	428104	271860	311007	362781	202044	77569	107810	133764	152738	88048	36685	27257	67094	126733	41878	18146	12959	27691	88611	20007	6442	4168	58363	40938	12163	4864	560	177	68415	19668	10727	2144	118	38	28666	37349	14005	2333	776	347	114	37	69751
unclassified-kra_unclassified-seq_ERR9709216__merged.hist	511240285	52820553	5915496	2464078	1388767	873166	714911	351245	263147	301039	351153	173179	71107	117409	145673	127748	73642	30683	33086	81442	101068	31582	13684	12806	27365	87569	33222	10697	3564	1781	29537	59073	23628	2724	865	53	14	27651	68557	3807	1268	518	274	101	29073	9690	4342	1446	481	56539
unclassified-kra_unclassified-seq_ERR9709243__merged.hist	514269627	55546207	6212665	2587105	1452905	911725	699738	343791	303121	346770	310809	153283	75035	123894	153719	117533	67753	28229	42315	104159	75266	23519	10190	17002	36330	110331	24912	8021	2672	1335	13372	26744	63972	7378	2346	27466	7895	4305	860	46	46568	21603	11466	4298	715	237	105	34	10	75061
unclassified-kra_unclassified-seq_ERR9709251__merged.hist	470419901	136917804	13982255	5671648	3155098	1969386	781886	384151	580266	639086	309430	152602	171581	283308	222354	70748	95474	127454	137288	74745	48482	25628	121734	115371	6785	9914	23595	62919	72929	36463	10803	3208	4682	14047	120930	7557	2171	1183	235	12	35465	49923	26498	9935	1654	550	245	80	25	97066
unclassified-kra_unclassified-seq_ERR9709226__merged.hist	511007387	62051637	6774969	2805144	1572165	985461	583299	286583	432887	418620	202685	99958	127403	210363	127021	40414	60626	80933	103609	56408	36588	11432	45182	87853	5911	18916	45020	31713	10570	5284	36918	47179	18870	2175	691	42	52963	28887	5776	319	105	13781	34824	13058	2175	724	323	106	34	74005
unclassified-kra_unclassified-seq_ERR9709225__merged.hist	520883169	51448823	5890363	2464979	1382195	866627	622722	305952	357589	409081	251198	123884	94082	155344	192741	86200	49690	32707	68856	97847	63467	19832	10965	21321	45560	85766	19365	6235	2077	1037	63994	48448	19378	2234	709	43	11	4548	99216	5511	1836	751	397	148	23	24283	10884	3627	1208	56896
unclassified-kra_unclassified-seq_ERR9709245__merged.hist	492916539	78819699	8328793	3417409	1922866	1207855	809218	397580	337571	386180	337750	166570	98429	162522	201646	101856	58716	53628	112900	61467	39869	25103	97147	28425	5824	18638	44358	70332	23443	11720	3471	1030	41909	63698	20266	1265	362	196	38	24693	49385	20238	10741	4027	670	222	98	31	9	82789
unclassified-kra_unclassified-seq_ERR9709249__merged.hist	451909162	123571357	12126427	4834754	2757050	1744159	1031605	595797	278667	318794	371863	325297	124889	107030	132796	192163	151067	62943	16544	40724	76922	125933	64898	18989	4774	15276	36355	96948	32315	16156	4786	1421	22460	67381	26852	1677	481	261	51	35689	44866	18387	9758	3658	608	201	89	28	8	90618
unclassified-kra_unclassified-seq_ERR9709211__merged.hist	451067329	127655258	12444870	4944909	2826042	1789783	993831	725193	285543	266901	311332	351804	166800	92206	114403	165547	144380	60157	23131	56937	107548	96183	41678	12194	9662	30917	73582	65968	21988	10993	3256	966	37166	74549	23719	1481	424	230	45	40749	45340	18581	9862	3697	615	204	90	29	8	100528
unclassified-kra_unclassified-seq_ERR9709240__merged.hist	506103024	66047395	6997480	2873537	1620741	1019412	744261	365665	250845	286965	334736	165083	78066	128898	159928	87497	50438	51085	107547	58552	37979	11867	44707	86931	27374	15207	3432	1284	75765	37881	11223	3333	1332	152	81485	5091	1462	796	158	4112	48265	19780	10498	3935	654	217	96	31	9	70275
unclassified-kra_unclassified-seq_ERR9709218__merged.hist	497936327	74026044	7705100	3146635	1780492	1121825	853383	419279	247041	282614	329661	201003	77169	117765	146114	143533	82741	34474	27575	67876	125513	39221	16995	15322	32740	70386	15892	5117	3848	53879	46901	13934	5572	641	203	40445	30036	16382	3275	180	59	28124	26227	9834	1638	545	243	80	25	71424
unclassified-kra_unclassified-seq_ERR9709231__merged.hist	506350072	70546118	7592481	3131779	1759766	1104619	665970	327200	415611	475458	230205	113530	119298	196981	205707	65451	47505	63418	126508	68875	44675	13960	33217	64589	56948	31637	7142	19046	60888	30443	9019	2678	11472	34416	58360	3646	1047	570	113	21222	45564	18673	9910	3715	618	205	90	29	8	90365
unclassified-kra_unclassified-seq_ERR9709204__merged.hist	462086044	129591038	12692030	5055475	2894484	1834800	1020127	845154	332778	270296	315292	356279	202771	112091	91068	131780	209029	87094	20349	50090	94614	94153	40798	14522	31031	99298	22421	7219	4361	61057	44001	13073	5228	602	73127	22521	6473	3530	705	38	60943	24975	13256	4970	827	274	122	39	12	97811
unclassified-kra_unclassified-seq_ERR9709215__merged.hist	452927293	129489647	12791240	5116126	2911142	1839528	1145582	562840	309282	353818	412718	334825	128548	107852	133816	193638	147691	61536	24028	59145	111717	116373	50427	14754	8252	26405	62844	89024	29673	14835	4394	1304	22493	67479	45610	2849	818	445	88	20123	56527	23166	12295	4609	767	254	113	36	11	93387
unclassified-kra_unclassified-seq_ERR9709227__merged.hist	495901359	76694964	7967187	3251333	1842588	1161903	889208	436880	255976	292836	341584	230087	88336	95320	118267	168196	96959	40398	27181	66906	126378	39492	17112	8405	17959	57470	81302	26181	8726	4362	1291	382	84428	33035	10510	655	752	16308	3260	180	53662	21991	11672	4376	728	241	107	34	10	76193
unclassified-kra_unclassified-seq_ERR9709228__merged.hist	499900795	72393382	7574836	3098553	1754916	1106236	847811	416541	253488	289990	338264	199373	76544	123023	152639	144462	83277	34698	23682	58294	110110	62649	27147	7942	11848	37914	90144	29028	9675	4836	1432	424	76793	31610	10056	627	179	96	32026	39100	13032	5340	2833	1061	175	14267	20696	6897	2298	50204
unclassified-kra_unclassified-seq_ERR9709252__merged.hist	522723402	67998763	7472892	3098965	1736306	1088161	694882	341405	404233	462441	223902	129641	180240	226805	117363	49193	78030	104167	106924	58213	37759	11798	54248	105482	19458	10809	12342	32913	64812	32405	9600	2851	1139	130	72411	34260	9849	5371	1073	58	18	38326	31537	11825	1969	655	292	96	31	73116
unclassified-kra_unclassified-seq_ERR9709213__merged.hist	516897119	65194006	7145987	2961564	1661565	1042103	709457	348566	348647	398852	301549	148716	95367	157466	195374	79325	45727	61044	117923	64201	41643	13012	30817	59921	61737	34297	7743	2492	5901	82613	39983	11879	4750	547	10782	53897	15494	8450	1689	92	33532	29051	15419	5781	962	319	142	46	14	76357
unclassified-kra_unclassified-seq_ERR9709210__merged.hist	503653443	79343227	8464147	3482616	1959797	1231132	826669	406154	388035	443911	323683	159632	121052	199875	177930	56613	76361	101939	105030	57182	37090	13571	64462	125342	7372	4391	10451	27869	75480	37739	11181	3321	1327	152	105751	7054	2027	1104	219	11	37174	37624	19970	7487	1246	414	184	60	19	86905
unclassified-kra_unclassified-seq_ERR9709206__merged.hist	469012956	100717231	10021416	4021848	2289197	1446776	964638	531328	255530	292325	340989	280870	107833	89087	110533	159947	118611	49420	28134	69252	107174	33490	19302	37531	73639	40909	9236	2973	4495	62937	57460	17072	6827	786	249	14	60951	42785	8556	474	157	63	96	50148	8357	2784	1247	414	137	65482
unclassified-kra_unclassified-seq_ERR9709253__merged.hist	452970556	128629446	12502684	4960432	2843098	1803205	951541	820064	322899	248916	290353	328098	226775	125360	66561	96317	152778	173161	27547	23951	45239	74063	132091	38650	3039	9724	23142	61712	56074	28036	8305	2466	12280	36840	58550	3658	1050	572	113	25589	48884	20033	10633	3986	663	220	97	31	9	95634
unclassified-kra_unclassified-seq_ERR9709208__merged.hist	470012471	111115931	11012473	4411183	2517234	1592965	997092	653015	257123	294148	343115	326165	125223	103709	128675	186199	113833	47429	28102	69174	130662	62484	27075	7921	12788	40921	97391	41994	13997	6997	2072	614	44915	73987	23540	1470	421	229	44	40044	42510	17421	9246	3466	576	191	84	27	8	94544
unclassified-kra_unclassified-seq_ERR9709214__merged.hist	463203999	120595355	11857810	4732467	2699900	1708375	1021331	689313	271416	280088	326715	352114	135185	96426	119638	173123	141668	59027	24594	60539	114351	83884	36349	10635	12529	40094	95422	36700	12232	6115	1810	537	78428	43987	13994	873	250	135	26	45785	45800	18769	9962	3734	621	206	91	29	8	96567
unclassified-kra_unclassified-seq_ERR9709241__merged.hist	498946762	74593231	7858964	3221611	1824047	1149615	892905	438697	271430	310515	362206	239485	91944	94534	117292	169727	101941	42474	34337	84521	113637	35510	15387	13964	29838	95481	38547	12412	4136	2067	21275	42550	56400	6505	2068	128	35	20240	65591	3642	1213	496	262	39854	6641	2212	990	329	108	71863
unclassified-kra_unclassified-seq_ERR9709247__merged.hist	459479447	132028047	13123883	5264162	2981260	1879239	1159916	569883	314324	359585	419446	328577	126149	116736	144839	209589	120821	50341	45147	111130	105441	32949	20422	39709	84853	68945	15567	5012	13030	79090	23433	6961	10115	30344	68297	4267	1225	667	132	23396	57348	23502	12474	4676	778	258	114	37	11	102956
unclassified-kra_unclassified-seq_ERR9709220__merged.hist	445837449	123328176	11983452	4753101	2719486	1723271	930326	723720	284963	258083	301046	340181	160399	88668	86739	125515	199092	86513	13762	27617	52164	85400	98065	28694	4034	12909	30724	81931	32499	16248	4813	1429	22338	67015	26943	1682	482	262	51	28928	47287	19379	10285	3856	641	212	94	30	9	90591
unclassified-kra_unclassified-seq_ERR9709217__merged.hist	514130204	59007521	6518683	2706713	1515510	949419	605142	297314	356930	408327	234171	115486	92423	152605	189342	65699	41132	54909	115598	62936	40822	12755	35434	68898	50621	28122	6349	2043	6119	85678	35468	10537	4214	485	153	24039	48156	26266	5252	290	95	38	46575	17746	2956	984	440	145	47	67720
unclassified-kra_unclassified-seq_ERR9709221__merged.hist	516515975	48017028	5472595	2287881	1283679	805117	638530	313718	270180	309085	293035	144517	68394	112929	140115	121646	70124	29217	22972	56547	106810	33377	14462	11627	24844	79501	25404	16961	25448	12723	3768	1118	46224	42750	13601	849	243	131	25	41091	29590	12126	6435	2412	401	132	58	18	5	73573
unclassified-kra_unclassified-seq_ERR9709242__merged.hist	509249623	55003997	6098214	2534344	1425115	894921	688096	338071	289016	330634	297275	146608	75701	124994	155085	94263	54339	45574	95944	52235	33881	19250	91436	28549	5261	16836	40069	67198	22398	11198	3317	984	14467	43402	58390	3648	1047	570	113	5	42883	22388	11882	4455	741	246	109	35	10	69013
unclassified-kra_unclassified-seq_ERR9709244__merged.hist	502462418	70680998	7552434	3109174	1746849	1096416	721607	354535	328145	375397	289160	142606	106113	175210	197522	62847	42769	57095	120199	65441	42447	13263	39790	77369	48720	27066	6110	1966	72913	36455	10800	3208	3660	10979	81609	5099	1465	798	158	7	47559	26989	14325	5371	894	297	132	43	13	73483
unclassified-kra_unclassified-seq_ERR9709238__merged.hist	513761920	60084413	6626844	2750620	1543690	968320	699430	343639	298451	341427	324365	159968	75321	124367	154306	132006	76096	31705	37960	93439	101142	31605	13694	10862	23211	74274	49203	15844	5280	2639	30217	46892	18755	2162	687	45034	12946	7060	1411	77	39831	24259	12876	4827	803	266	118	38	11	74694
unclassified-kra_unclassified-seq_ERR9709236__merged.hist	452885277	127517397	12300933	4859546	2789651	1770692	880127	781424	307684	231321	269828	304905	220743	122026	63144	91213	144683	191286	30430	16566	31292	51228	141481	41398	3461	11076	26360	70293	46662	23330	6911	2052	23845	71534	22760	1421	407	221	43	53598	34643	14196	7534	2824	469	155	68	21	6	98323
unclassified-kra_unclassified-seq_ERR9709234__merged.hist	516241275	61126281	6770366	2812963	1574132	985827	587204	288501	391057	447369	224777	110854	132631	218994	155795	49570	47205	63017	132668	72229	46850	14639	14594	28377	60637	81489	18399	5924	1973	985	46607	13847	64238	19190	6105	380	108	58	10	64124	26366	10805	5734	2149	357	118	51	16	4	86073
unclassified-kra_unclassified-seq_ERR9709248__merged.hist	501214915	61385599	6643406	2744280	1538714	964701	617332	303303	301010	344355	295724	145843	78506	129626	160831	105260	60678	30157	63488	96601	62659	19580	11947	23229	49638	80778	18239	5872	1956	977	26812	53623	45681	5268	1675	103	28	14	27490	47416	15804	6476	3436	1287	213	70	30	11378	43670	26201
