sample	r1	r2	r3	r4	r5	r6	r7	r8	r9	r10	r11	r12	r13	r14	r15	r16	r17	r18	r19	r20	r21	r22	r23	r24	r25	r26	r27	r28	r29	r30	r31	r32	r33	r34	r35	r36	r37	r38	r39	r40	r41	r42	r43	r44	r45	r46	r47	r48	r49	r50
unclassified-kra_SRR26417010_.hist	480427980	77658231	17523259	6248972	3438352	2188727	1648265	1472375	1235659	630185	305120	224369	311941	515065	584834	186082	107270	44694	80969	199309	376472	117646	50979	14916	12224	39116	93096	248257	102042	51020	15116	4490	1795	206	64	3	221870	132037	26406	1466	487	198	104	38	5	0	0	0	0	293791
unclassified-kra_SRR26416998_.hist	469796328	105588233	21232829	7596365	4203020	2662945	1950654	1710895	673664	343567	375443	424249	589836	502676	260119	82764	73899	98653	207689	323583	209890	65589	28421	16506	35271	112868	203116	65409	21802	10900	148521	44129	17650	2035	646	39	10	158634	140813	7821	2606	1067	565	211	34	10	3	0	0	250911
unclassified-kra_SRR26417201_.hist	470061110	101472463	23229084	8148375	4332834	2765115	1618846	1446095	1687130	860435	416602	205457	190472	314500	390212	564659	423613	176504	28079	15286	26195	42885	203702	396088	23298	53879	128232	107275	35757	17877	5296	1572	628	71	129195	239032	68720	37483	7495	415	137	55	28	9	0	0	0	0	0	355004
unclassified-kra_SRR26417351_.hist	491706714	102578851	20412008	7406099	4184446	2646525	2304928	1378504	542785	578754	675100	762862	485122	268175	138771	200809	318525	425222	141190	76869	49860	63931	303674	218994	12881	7155	1614	518	295972	147985	43846	13027	5209	600	189	10	2	222933	136262	7569	2522	1032	547	204	33	10	3	0	0	279036
unclassified-kra_SRR26416967_.hist	476424738	96794182	21352426	7536310	4064164	2597289	1438525	1285016	1727127	880834	426478	210328	167178	276037	342489	495601	447760	186566	29679	16158	19885	32554	154631	300672	117069	65037	154788	53319	17772	8885	2631	780	311	34	128850	231993	66697	36379	7274	403	133	53	27	9	0	0	0	0	0	330639
unclassified-kra_SRR26417230_.hist	455050312	108193147	22567379	8023114	4389936	2788997	1822960	1628427	977804	498679	360172	406993	565844	578045	299120	95173	87221	116437	245131	295619	191752	59921	25965	50486	107882	181579	41000	13202	6915	96810	164758	48954	19580	2257	717	43	11	88590	201361	11185	3727	1526	809	302	49	15	5	0	0	248068
unclassified-kra_SRR26417209_.hist	483929625	98841979	21957267	7763033	4201814	2681149	1613950	1441721	1662402	847824	410496	202446	215007	355010	440475	544055	313630	130678	20788	31084	58715	96124	456589	133603	7858	16476	39212	104565	128970	64484	19105	5675	2269	260	81	288119	82833	45180	9035	500	165	67	34	11	0	0	0	0	0	344478
unclassified-kra_SRR26417311_.hist	496690970	91902153	19701632	7026243	3866493	2465082	1600103	1429352	1500332	765168	370476	182709	246956	407764	505929	389344	224444	93517	20626	50772	95901	157004	363587	106389	8167	26133	62196	165857	88827	44412	13158	3908	1562	179	56	287347	82611	45059	9010	499	165	66	34	11	0	0	0	0	0	339929
unclassified-kra_SRR26417347_.hist	470547774	87592306	19926459	7065014	3845885	2451729	1685744	1505854	1595293	813598	393924	194273	204274	337289	418487	605575	353823	147425	23453	12767	21243	34777	165189	321201	244438	135798	30663	9873	3290	1644	486	143	56	5	408408	92188	26503	14455	2890	159	52	20	9	2	0	0	0	0	0	359868
unclassified-kra_SRR26417076_.hist	460733857	148736498	24825499	9092986	5121378	3218812	2276293	1118376	635630	727160	848211	762447	292724	180815	224343	324637	514941	214558	34133	66922	126407	206947	162513	79664	170231	94571	21353	6875	6296	88153	238239	70787	28313	3265	1037	63	17	8	298948	16607	5534	2267	1202	449	73	23	9	2	0	283993
unclassified-kra_SRR26417279_.hist	461726649	87990514	18486888	6627926	3680120	2340331	1681964	1502477	1197332	610638	295656	206613	287254	474303	588486	197184	113670	47361	49978	123022	232375	279371	121059	35422	3693	11819	28128	75007	233820	116909	34638	10291	4115	473	149	8	82747	199577	39914	2216	737	301	158	58	8	1	0	0	0	269907
unclassified-kra_SRR26416935_.hist	479204195	110509602	21795970	7882353	4433780	2800277	2407182	1186576	560979	641758	748593	845909	324767	179530	160453	232185	368292	461129	73360	39939	56283	38084	180898	351745	72254	40140	9063	2917	6554	91756	250096	74310	29723	3427	1089	67	18	8	215779	66860	22285	9132	4846	1816	301	99	43	13	3	250545
unclassified-kra_SRR26417200_.hist	468706906	92479265	20990602	7379989	3945615	2517175	1507240	1346398	1600818	816416	395289	194946	158899	262367	325528	471058	438035	182513	29035	15807	14941	24460	116184	225913	262805	146002	32967	10615	3537	1767	522	154	60	6	351826	85314	24526	13377	2674	147	48	18	8	2	0	0	0	0	0	324939
unclassified-kra_SRR26417008_.hist	478738578	101531701	19937933	7258161	4118697	2605166	2295574	1515009	596533	504713	588733	665267	608754	336518	174137	136331	216249	288686	296883	161635	104843	32762	118566	230545	58557	32530	7344	2364	280106	140052	41495	12328	4930	567	179	10	1	293014	63384	3520	1172	479	253	94	14	3	0	0	0	289711
unclassified-kra_SRR26417142_.hist	462868243	85357026	19738133	6973253	3768085	2402867	1685810	1505913	1464645	746968	361664	233540	324691	536117	665182	236350	136248	56769	95717	235611	426502	133281	57754	16898	13450	43039	102433	273154	126060	63029	18674	5547	2218	254	80	4	244338	133274	26653	1479	492	200	105	38	5	0	0	0	0	326824
unclassified-kra_SRR26417245_.hist	457003843	87675418	20104361	7103078	3838919	2450660	1589403	1419794	1698704	866338	419460	206867	189606	313069	388437	562091	422282	175950	27991	15238	20011	32761	155615	302584	264564	146979	33187	10686	3561	1779	526	155	61	6	448194	58378	16782	9153	1829	100	32	12	5	1	0	0	0	0	0	368147
unclassified-kra_SRR26417281_.hist	452035405	89666703	20043970	7061569	3793140	2419742	1431455	1278701	1479349	754467	365294	180154	148669	245476	304571	440731	438878	182865	29091	15837	13743	22499	106873	207808	272249	151248	34151	10997	3664	1831	541	159	62	6	259801	129925	37352	20373	4073	225	74	29	14	4	0	0	0	0	0	315796
unclassified-kra_SRR26417261_.hist	475889770	98170190	20449113	7288478	4006454	2548137	1689147	1508893	1170360	596883	288996	266665	370745	612159	468879	149188	86001	37892	79773	196364	370909	121926	52833	15458	12217	39094	93044	248117	82704	41351	12251	3639	1454	166	52	19523	198152	108082	21615	1199	398	162	85	30	4	0	0	0	0	278843
unclassified-kra_SRR26417244_.hist	462484382	88134913	19274656	6828169	3710764	2365900	1465843	1309419	1431250	729936	353417	174296	161063	265941	329963	477475	369383	153908	24484	13329	19442	31829	151190	293981	190881	106044	23944	7709	2568	1283	379	111	43	4	397136	49981	14368	7836	1566	86	27	10	4	0	0	0	0	0	0	327296
unclassified-kra_SRR26417171_.hist	453377300	82491483	19061997	6720610	3615948	2312214	1441190	1287396	1824894	930695	450620	222234	141290	233292	289453	418855	626387	260993	41520	22604	14661	18749	89058	173168	326658	181476	40977	13195	4397	2197	650	192	75	7	462258	28890	8304	4528	904	49	15	5	1	0	0	0	0	0	0	378917
unclassified-kra_SRR26417060_.hist	473479840	92182293	18222112	6584661	3699734	2345499	1862017	1663317	654930	334013	361132	408078	567352	547166	283141	90089	51932	68218	143617	353517	263029	82195	35617	10421	11660	37312	88802	236804	114088	57043	16900	5020	2007	230	72	3	124234	179305	35860	1991	662	270	142	52	7	1	0	0	0	262636
unclassified-kra_SRR26417483_.hist	471861345	77569798	17150819	6143305	3405860	2167288	1646462	1470764	1194681	609286	295001	271934	378071	624256	387888	123417	71145	62860	132337	325751	274680	85836	37194	10882	12847	41111	97843	260916	96991	48494	14367	4268	1706	195	61	2	165896	156433	31285	1737	578	235	124	45	6	1	0	0	0	267797
unclassified-kra_SRR26417053_.hist	471141788	86185540	17503775	6346451	3582420	2270534	1921298	1644170	647391	361146	421266	476029	661826	365856	189319	80102	127057	169617	357088	194413	126105	39406	37056	72053	153967	115883	26166	8425	106909	174297	51642	15343	6136	706	223	12	2	253090	71254	3957	1318	539	285	105	16	4	1	0	0	267335
unclassified-kra_SRR26417002_.hist	468449569	107132806	22773082	8130031	4482002	2843899	2067101	1846516	755319	439864	513089	579789	701374	387719	200632	127154	201692	269253	281660	153347	99467	35239	167387	325473	19144	10634	2400	772	142097	251923	74642	22177	8870	1022	324	19	4	73520	243998	13554	4517	1850	981	366	60	19	7	1	0	263099
unclassified-kra_SRR26417337_.hist	426740831	87914955	20453625	7376039	3518940	2254726	1313759	1173564	1772686	937085	453714	223760	304503	502784	623823	198488	114421	47674	49278	121300	229122	375105	279640	81825	4812	2672	602	193	63	30	41124	82247	485293	55982	17811	1112	318	172	33	0	0	0	0	0	0	0	0	0	0	443300
unclassified-kra_SRR26417220_.hist	449124950	87967682	20259130	7092788	3753613	2404985	1244170	1111401	1678788	1106769	535871	264278	101463	149538	185538	268483	425869	568524	90446	49241	31939	11773	55923	108739	232360	211884	47843	15406	5134	2566	759	224	57889	173666	255413	15962	4588	2501	499	26	7	2	0	0	0	0	0	0	0	382040
unclassified-kra_SRR26417125_.hist	469846205	131092381	23759644	8622373	4873148	3068413	2297161	1128629	593459	678916	791936	829443	318446	176036	204395	295770	469152	213110	33903	73267	138392	226567	205069	60005	15743	50377	119897	142466	47487	23742	45417	90834	127968	14761	4695	292	83	44	180913	78275	26090	10691	5674	2126	353	116	51	16	4	247980
unclassified-kra_SRR26417110_.hist	488257945	85557242	18590989	6654974	3685727	2345839	1704596	1522694	1360864	694039	336037	167234	232505	383904	476324	441361	254430	106011	28142	69273	130848	214217	203092	59426	10910	34911	83087	221566	73854	36926	10940	3249	1298	148	47938	247463	71144	38805	7760	430	142	57	29	10	0	0	0	0	0	334693
unclassified-kra_SRR26417025_.hist	462187576	92108931	20625037	7286360	3937276	2509607	1581169	1412438	1466605	747967	362148	178602	225270	371956	461500	463726	267323	111383	17719	28468	53772	88032	418154	122356	7196	21258	50593	134915	88087	44042	13048	3876	1549	177	53658	236643	68033	37108	7420	411	136	54	28	9	0	0	0	0	0	324319
unclassified-kra_SRR26417276_.hist	455671695	98237545	22543553	7884324	4161174	2660975	1411858	1261195	1757296	896220	433928	214002	166896	275572	341913	494767	477487	198951	31650	17230	19900	32578	154747	300897	173404	96334	21752	7003	101697	60212	17839	5299	2118	243	76	303009	87114	47515	9502	526	174	70	36	12	1	0	0	0	0	328411
unclassified-kra_SRR26417145_.hist	481073352	86886326	18500075	6668163	3733101	2367063	1980303	1768980	747154	381047	443436	501082	696656	385111	199282	91981	145900	194773	315289	171656	111343	34793	70708	137487	149632	83128	18769	6043	72127	211402	62636	18610	7443	857	271	15	3	237705	73969	4108	1368	559	296	110	17	4	1	0	0	264015
unclassified-kra_SRR26417381_.hist	454396630	92380054	17933375	6490218	3654313	2313137	1900927	1428052	562294	389816	454709	513820	563861	311702	161295	111042	176136	235136	251831	137107	88933	27790	45427	88330	188750	104860	23677	7623	8647	121064	119812	35599	14238	1641	521	31	8	186102	82871	4602	1533	627	332	123	19	5	1	0	0	257790
unclassified-kra_SRR26417262_.hist	448616299	100827954	21396817	7643738	4218752	2675525	1985387	1711728	673992	405910	473482	535033	696569	385063	199258	96408	152922	204146	360301	196163	127240	39761	45949	89344	190916	106063	23948	7711	15908	222719	103343	30705	12281	1415	449	27	6	164022	147491	8192	2729	1117	592	221	35	10	3	0	0	266598
unclassified-kra_SRR26417331_.hist	459135384	82313498	18990683	6666136	3550453	2270035	1334450	1192047	1709035	871606	422011	208125	123891	204563	253809	367276	544128	226719	36067	19636	13744	22500	106876	207813	254049	141137	31868	10261	3419	1708	505	149	31988	95963	312964	19559	5622	3065	612	33	10	3	0	0	0	0	0	0	0	369926
unclassified-kra_SRR26417208_.hist	468947190	77872688	17455448	6178509	3351923	2139260	1347053	1203305	1445432	737169	356919	176023	143040	236182	293040	424045	434456	181022	28798	15677	12764	20896	99257	193000	231456	128585	29034	9349	3115	1556	460	135	53	5	410572	25659	7376	4022	803	43	13	4	1	0	0	0	0	0	0	330016
unclassified-kra_SRR26416946_.hist	400597757	104798023	24269589	8612941	4331694	2747332	2033355	1816371	786507	401117	416814	470999	654831	471319	243893	94166	149366	199399	328194	178682	115901	36218	128421	249707	14687	8158	17864	47638	255186	127592	37804	11231	4491	517	163	9	8771	299199	59838	3323	1106	452	239	88	13	3	0	0	0	274156
unclassified-kra_SRR26417263_.hist	403630146	111909753	25873719	9136062	4867381	3068885	2713857	1490195	586763	538741	628426	710121	536795	296739	153553	188761	299413	399709	136811	74485	48313	67461	320441	215560	12679	7042	1589	510	189893	218966	64878	19276	7709	888	281	16	3	251801	108421	6022	2006	821	434	162	26	7	2	0	0	284706
unclassified-kra_SRR26417367_.hist	442811775	158923789	26071433	9718913	5336354	3305536	1350944	1206781	1475969	752743	506226	572034	617359	341275	220219	318669	409232	170512	69664	171481	323907	137845	59732	40260	86029	275294	62162	20017	6671	62560	190940	56733	22692	2616	58303	123739	35574	19403	3879	214	78646	88617	47037	17638	2938	978	437	144	47	208489
unclassified-kra_SRR26417166_.hist	500556355	84757691	18074438	6464980	3575732	2274690	1626168	1452635	1110377	566291	274184	273863	380753	628684	450935	143478	82710	34461	28296	69653	131565	215391	441113	129074	7591	4216	951	305	100	49	13	3	209267	264461	84145	5258	1510	823	163	8	1	0	0	0	0	0	0	0	0	358027
unclassified-kra_SRR26417317_.hist	471616441	93925444	20503856	7289722	3988891	2540011	1687798	1507688	1281047	653332	316327	282979	393427	649611	422241	134348	77446	65560	138020	339741	314363	98237	42568	12455	12636	40435	96235	256626	124047	62022	18376	5459	2182	250	78	3	127155	205833	41165	2285	760	310	164	60	9	2	0	0	0	291992
unclassified-kra_SRR26417375_.hist	447561915	76192728	17065854	6065706	3317527	2112966	1481856	1323723	1191695	607763	294264	195228	271426	448167	556058	210605	121406	50585	41392	101887	192452	315072	136530	39949	2348	2432	5787	15432	249633	124815	36981	10987	4393	505	159	8	17293	239904	47979	2664	887	362	191	70	10	2	0	0	0	257567
unclassified-kra_SRR26417401_.hist	473477651	96259277	20621742	7312213	3981162	2539576	1506876	1346073	1556693	793912	384393	189573	172262	284432	352905	510673	353738	147390	23447	20464	38654	63282	300589	213044	12531	26838	63875	170332	56776	28387	8410	2497	998	114	35	270334	77720	42391	8477	469	155	62	32	11	0	0	0	0	0	310546
unclassified-kra_SRR26417204_.hist	465356925	98046517	22680300	8021155	4128649	2638789	1600034	1429290	1933378	986022	477408	235446	176679	291725	361955	523769	585637	244014	38819	21134	13707	18947	90001	175001	373954	234517	52954	17052	5683	2840	840	248	98	10	275007	178844	51416	28044	5607	310	102	41	20	6	0	0	0	0	0	364526
unclassified-kra_SRR26417458_.hist	486439232	96298420	19813379	7086530	3919032	2491885	1712305	1529581	1121863	572149	277020	280039	389339	642861	404720	128773	74233	41212	86761	213565	403400	126061	54625	15983	9136	29234	69577	185538	144676	72337	21432	6367	2545	292	92	4	199150	131064	26211	1455	484	197	103	37	5	0	0	0	0	294017
unclassified-kra_SRR26417181_.hist	391019077	29529514	6943501	2765049	1206861	759302	383715	342767	517754	592310	690912	627473	240904	133170	68911	21925	27096	36172	76151	187448	354069	110645	47945	14028	824	456	102	31	9	3	60094	120187	208061	24000	7635	476	135	73	13	0	0	0	0	0	0	0	0	0	0	249403
unclassified-kra_SRR26417128_.hist	477279006	103774068	20089705	7273849	4098315	2588181	2239277	1286732	506649	507483	591964	668918	470831	260275	134683	156577	248362	331557	189065	102934	66767	29799	141544	275224	45543	25301	5712	1838	112635	215923	63976	19008	7602	876	277	16	3	152207	157650	8757	2918	1194	633	236	38	11	4	0	0	253245
unclassified-kra_SRR26417059_.hist	451755697	97904253	22229134	7794485	4140799	2642216	1500707	1340563	1593903	812889	393581	194104	149783	247315	306853	444034	507416	211422	33634	18311	14138	23145	109938	213768	233287	129603	102430	32985	10994	5496	1627	482	192	21	196187	179173	51511	28096	5618	311	102	41	20	6	0	0	0	0	0	329661
unclassified-kra_SRR26417309_.hist	432704026	95316526	22022935	7762130	3970485	2536256	1482694	1324472	1669890	851643	412345	203358	182537	301398	373956	541135	425709	177377	28218	15362	20731	33939	161209	313462	49449	158236	159322	51306	17101	8549	2532	751	299	33	127051	227440	65388	35665	7132	395	130	52	26	9	0	0	0	0	0	327847
unclassified-kra_SRR26417015_.hist	480381340	95416509	21235902	7505194	4058888	2591592	1532747	1369183	1632756	832704	403175	198836	187571	309709	384268	556058	409827	170760	27165	14789	21317	34898	165767	322325	219248	121803	27503	8855	2950	1474	435	128	29706	89117	382847	23926	6878	3750	749	40	12	4	1	0	0	0	0	0	0	397679
unclassified-kra_SRR26417206_.hist	417863847	100864834	23374736	8313521	4209854	2668491	2104248	1879698	740130	377465	440302	497540	691732	482378	249615	79422	89309	119225	250999	360876	234081	73149	31697	9273	18986	60757	144601	275628	91875	45936	13609	4042	1616	185	58	2	179831	185194	37037	2056	684	279	147	54	8	1	0	0	0	286092
unclassified-kra_SRR26417210_.hist	466664630	95695333	21481164	7604393	4126464	2632321	1659699	1482588	1651713	842372	407856	201144	247396	408490	506829	484659	279390	116411	18519	33550	63373	103750	492812	144202	8481	14424	34328	91542	136223	68110	20179	5995	2397	275	86	291818	83896	45760	9151	507	168	67	35	12	1	0	0	0	0	334529
unclassified-kra_SRR26416943_.hist	413538802	118361619	26044166	9235225	5028452	3159659	2005845	985501	696843	797188	906020	446827	203962	336774	417849	330539	190545	79392	126065	310313	201283	62900	50435	98067	170760	94865	21420	15324	200409	100203	29689	8820	3527	405	126394	109511	31483	17171	3433	189	62	111647	59262	22222	3702	1233	551	182	59	167355
unclassified-kra_SRR26417408_.hist	458712078	107143409	23495092	8353716	4571924	2907844	1974229	1763554	1300077	663038	321027	362759	504345	746192	386131	122859	107709	143788	302712	266692	172988	54057	52063	101234	216324	120179	27136	8737	13410	187745	155944	46334	18532	2136	678	41	10	141509	211684	11759	3918	1605	850	318	52	16	6	1	0	293006
unclassified-kra_SRR26417077_.hist	468291935	87582666	19729482	6986684	3793749	2421401	1535189	1371365	1663910	848593	410868	202630	154847	255677	317228	459047	517388	215577	34295	18670	12109	18237	86627	168441	336884	187157	42260	13608	4535	2266	670	198	78	8	373079	80103	23028	12560	2511	138	45	17	8	2	0	0	0	0	0	377443
unclassified-kra_SRR26417064_.hist	473926464	101173496	22703208	7991006	4283321	2732561	1593886	1423798	1450392	739699	358144	314699	437527	680338	352054	112016	64573	31213	65711	161750	305527	457155	198099	57965	3408	1892	426	136	44	21	5	0	593760	68495	21792	1361	390	211	41	1	0	0	0	0	0	0	0	0	0	419629
unclassified-kra_SRR26417357_.hist	452450653	106693239	24612185	8636206	4464603	2854385	1548781	1383506	1933216	985939	477368	235426	194729	321528	398933	577278	332783	138658	22058	36134	68253	111739	530761	189537	11148	6192	1397	448	148	73	20	5	474009	143852	45770	2859	821	446	88	3	0	0	0	0	0	0	0	0	0	423203
unclassified-kra_SRR26417236_.hist	484468541	88682924	17991532	6514581	3670746	2327829	1916118	1711644	702187	358114	401427	453612	630659	471963	244226	77707	80206	107072	225415	325638	211224	66006	28601	36563	78130	43405	68357	182286	144548	72273	21413	6361	2543	292	92	4	157251	179262	35851	1990	662	270	142	52	7	1	0	0	0	283502
unclassified-kra_SRR26417167_.hist	489569038	98217135	21743031	7693265	4170725	2658929	1654801	1478213	1578009	804783	389656	192168	215090	355148	440646	547687	315724	131550	20927	11392	20921	34251	162692	316345	246980	137210	30981	9976	3324	1661	491	144	56	5	340322	124320	35741	19494	3897	215	70	28	13	4	0	0	0	0	0	369537
unclassified-kra_SRR26417055_.hist	427891305	100135519	23268353	8352443	3945191	2532566	1258851	1124516	1698598	1458739	706287	348324	133730	149433	185407	268293	425568	568122	90382	49207	40288	65956	313293	316386	18609	10337	2333	750	249	123	35	9	551849	120777	38428	2400	689	374	73	3	0	0	0	0	0	0	0	0	0	467164
unclassified-kra_SRR26416997_.hist	460572631	155237353	28873617	10381221	5789813	3645441	2418033	1188015	705129	806666	940953	772216	296474	231554	287297	415735	420892	175370	42755	105243	198793	325453	141028	41265	22136	70835	168587	119308	39768	19883	76536	153072	94683	10921	3474	216	61	32	211939	73002	24333	9971	5291	1983	329	108	47	14	3	262613
unclassified-kra_SRR26417674_.hist	476481011	103262710	20778525	7505575	4214835	2670373	2150207	1673657	659001	477515	557007	629417	614155	339504	175682	149989	237914	317608	245383	133596	86656	27079	120455	234217	133074	73929	16692	5374	6874	96242	229761	68268	27306	3149	1000	61	16	8	288658	22168	7388	3027	1605	601	99	32	13	3	0	272273
unclassified-kra_SRR26416941_.hist	456724090	83829105	18835097	6698941	3668257	2336452	1650249	1474147	1358000	692579	335329	217033	301741	498223	600840	191175	110206	45918	82521	203128	383685	119900	51956	15202	12039	38524	91687	244499	114089	57043	16900	5020	2007	230	72	3	183214	162397	32478	1803	600	244	129	47	6	1	0	0	0	295738
unclassified-kra_SRR26417402_.hist	484124108	117667058	22979397	8349074	4725998	2980065	2521472	1238836	613935	702341	819261	910772	349670	193297	191167	276629	438791	369043	58710	57381	108385	177442	240890	70486	25102	80326	191177	61564	20520	10259	89281	178562	71424	8238	2620	162	45	23	216302	68193	22730	9314	4943	1852	307	101	44	13	3	271317
unclassified-kra_SRR26417316_.hist	464897921	96029665	22251910	7911701	3856072	2475085	1232221	1100727	1662665	1376892	666659	328780	126227	182700	226683	328023	520312	216795	38001	93541	176688	289264	288742	84489	4968	2759	622	199	65	31	51113	102225	495481	57157	18185	1135	325	176	34	0	0	0	0	0	0	0	0	0	0	467769
unclassified-kra_SRR26417139_.hist	430898956	75151920	17357014	6110781	3272414	2083597	1463034	1306910	1168108	595734	288439	189604	263607	435257	540040	171829	99053	41271	57237	140891	266127	202491	87745	25674	6628	21210	50479	134610	142339	71168	21086	6264	2504	287	90	6393	191832	104634	20925	1161	386	157	82	29	3	0	0	0	0	255634
unclassified-kra_SRR26417336_.hist	455510041	159358104	29944910	10812175	6067961	3819006	2822691	1386830	756630	865583	1009678	782103	300270	252535	313330	453406	372600	155249	64862	159659	301578	199658	86517	26944	57575	184240	165885	53419	17805	8901	82247	164493	124476	14358	4567	284	80	43	165542	107759	35918	14719	7812	2928	487	161	71	22	6	273150
unclassified-kra_SRR26417350_.hist	452935457	161264708	30570336	10926006	6035052	3816973	2619363	1589307	625788	715901	835078	941709	361548	218680	271324	392621	471347	196393	42329	104194	196810	322207	139622	40854	24568	78619	187113	137523	45840	22919	6789	2016	272829	46313	14735	919	263	142	30677	180785	60260	24696	13107	4914	818	271	120	39	12	251352
unclassified-kra_SRR26417333_.hist	432831509	90714308	21049165	7517656	3747413	2393134	1566413	1399257	1848351	942658	456412	225091	133575	220553	273648	395984	628112	261712	41635	22666	14701	21140	100417	195255	306823	170456	38489	12393	4130	2064	610	180	71	7	476859	29802	8567	4672	933	50	15	5	1	0	0	0	0	0	0	381033
unclassified-kra_SRR26417017_.hist	464787066	86519952	19631581	6940566	3756200	2397644	1518574	1356522	1622482	827465	400638	197584	165000	272441	338027	489144	493688	205702	32724	17815	14509	23752	112823	219378	298700	165943	37470	12065	4020	2009	594	175	69	6	351467	103583	29779	16242	3247	179	58	23	11	3	0	0	0	0	0	346168
unclassified-kra_SRR26417046_.hist	453280271	117090280	20009192	7395548	4151262	2604268	1769165	869217	621550	711053	829422	660683	253654	141161	175143	253442	402010	306583	48773	26564	50176	82145	390190	114174	6715	3729	841	269	132237	225806	66904	19878	7950	916	290	17	3	111190	181773	10097	3364	1378	730	272	44	13	5	0	0	259655
unclassified-kra_SRR26416958_.hist	469732287	96771834	22343405	7859015	3911810	2514455	1095576	978663	1478286	1573501	761852	375727	144251	79741	97865	141616	224632	299877	562502	306250	198647	62076	26898	7869	461	255	56	17	4	1	460029	248824	99528	11480	3651	227	64	34	5	0	0	0	0	0	0	0	0	0	0	451050
unclassified-kra_SRR26417054_.hist	416820572	96431222	22249957	7812139	3937622	2514384	1374975	1228247	1531479	781053	378167	186502	160097	264345	327982	474609	390836	162847	25906	14103	16865	27609	131145	255004	221640	123132	27803	8952	2983	1490	440	129	50	4	374838	60504	17393	9486	1896	104	33	12	5	1	0	0	0	0	0	328699
unclassified-kra_SRR26417248_.hist	455745979	91310022	19325056	6927117	3845075	2441404	1835463	1639596	992438	506142	275676	311512	433097	715113	370049	117741	67873	49127	103426	254586	325114	101597	127150	37204	4103	13130	31249	83331	232247	116122	34405	10221	4087	470	148	8	10040	264398	52878	2936	977	399	211	78	12	3	0	0	0	261080
unclassified-kra_SRR26417170_.hist	460800325	164764907	27191699	9965764	5584706	3500371	2060689	1012446	780061	892389	1040946	513370	222257	366982	455328	366871	211489	102223	215206	282788	183429	57320	46692	90789	194004	206210	46562	14993	4996	2497	154676	177217	70886	8176	2600	161	45	23	161430	109015	36337	14891	7903	2962	492	163	72	23	6	265258
unclassified-kra_SRR26417038_.hist	431375502	106558444	24360131	8559112	4569331	2896918	2051908	1832944	744295	379589	442780	500340	695625	462990	239583	76230	102913	137385	289231	308408	200047	62513	27088	28287	60444	193422	43675	14063	178231	123701	36651	10889	4354	501	158	8	47149	262644	52527	2917	971	397	209	77	11	2	0	0	0	269252
unclassified-kra_SRR26417126_.hist	463377142	103809377	19924004	7212247	4062103	2571487	2067874	1520269	598605	387713	452255	511048	710512	426621	220763	70241	111153	148385	312389	272120	176509	55158	26009	50573	108068	144606	32652	10514	113548	186333	55209	16403	6560	755	239	13	3	233808	89024	4944	1647	674	356	132	21	6	1	0	0	275891
unclassified-kra_SRR26417307_.hist	470759267	160795863	30312421	10933422	6126971	3840168	2000159	982707	1117950	1278934	688620	339610	436013	719928	372540	134990	214122	285846	321396	174981	113500	35467	168471	327582	54153	30084	46189	123172	163022	81510	24150	7174	60043	180129	85536	5345	1535	836	166	118634	109548	44895	23829	8935	1488	495	220	72	23	249048
unclassified-kra_SRR26417033_.hist	454184371	102343464	23604152	8278411	4392517	2802284	1696114	1515117	1702294	868168	420346	207304	232305	383573	475913	566055	326313	135962	21629	17421	32906	53872	255891	497565	98704	54834	12381	3986	1327	662	195	57	53195	159586	341652	21352	6137	3346	668	36	11	3	0	0	0	0	0	0	0	389828
unclassified-kra_SRR26417084_.hist	496203867	93929512	21557512	7563414	4023894	2576461	1388557	1240380	1873613	1055402	511000	252013	158552	261794	324818	470030	410461	171024	27207	35607	67258	110111	523027	153043	9001	4999	1128	362	119	58	16	3	578306	66712	21225	1325	380	206	40	1	0	0	0	0	0	0	0	0	0	450457
unclassified-kra_SRR26417157_.hist	485519264	95096040	18497741	6687872	3760501	2384023	1876649	1676387	678076	345817	403386	455825	633735	456601	236276	75178	71452	95386	200812	331917	215296	67279	29153	11739	25083	80267	72933	194488	113640	56819	16834	5001	1999	229	72	3	131128	172434	34485	1914	637	260	137	50	7	1	0	0	0	258408
unclassified-kra_SRR26417081_.hist	480708097	97405480	22119445	7794697	4189160	2680750	1489557	1330602	1935455	987081	477921	235698	200208	330575	410156	593520	373498	155623	24757	19010	35908	58786	279233	542953	31937	17742	4005	1288	428	213	62	17	117835	353506	145632	9101	2615	1425	284	14	3	0	0	0	0	0	0	0	0	455607
unclassified-kra_SRR26417631_.hist	467288768	101867526	19149608	6927517	3898371	2471857	1874556	1674517	659340	357762	417319	471569	655625	366791	189802	75248	119359	159340	335453	232999	151133	47228	20464	26208	56003	179211	101538	32697	13379	187316	55500	16489	6594	759	240	14	48011	221602	44319	2461	819	334	176	65	9	2	0	0	0	272695
unclassified-kra_SRR26417194_.hist	471852501	90221691	20128282	7136571	3884838	2474022	1663721	1486181	1411760	719997	348605	173147	240726	397477	493165	448786	258711	107795	17148	29271	55288	90515	429945	125806	7399	21506	51184	136490	69832	34915	10344	3072	1228	140	172843	181887	52291	28521	5703	315	104	41	21	6	0	0	0	0	0	330534
unclassified-kra_SRR26417364_.hist	474876432	93696557	19832588	7044243	3847651	2453391	1485111	1326631	1493062	761460	368680	181824	142412	235145	291753	422183	487342	203058	32303	17586	12741	20858	99077	192650	271541	150855	34063	10968	3655	1826	540	159	62	6	369236	60317	17340	9457	1890	104	33	12	5	1	0	0	0	0	0	338408
unclassified-kra_SRR26417083_.hist	461198124	90513429	20784908	7306767	3905554	2499263	1408463	1258162	1900474	969240	469283	231438	145714	240596	298517	431971	523964	218317	34731	18908	30656	50188	238393	463542	52974	29429	6644	2138	711	354	104	29	118711	356132	113313	7081	2034	1108	220	11	2	0	0	0	0	0	0	0	0	420576
unclassified-kra_SRR26417286_.hist	487919769	105052219	20563585	7454440	4207074	2657267	2336008	1238371	518010	592603	691254	781116	359852	198925	186990	270584	429202	226558	36042	55965	105712	173066	334024	97738	5748	3192	719	230	236587	174556	51719	15366	6145	707	224	13	2	176929	151737	8428	2808	1150	609	227	36	11	4	0	0	271456
unclassified-kra_SRR26416982_.hist	452764031	91014705	19381390	6899923	3785120	2406004	1648404	1472499	1044939	532918	258025	266929	371112	612766	436111	138761	79991	34623	72889	179419	338902	167022	72375	21177	7062	22598	53784	143423	153446	76722	22731	6753	2700	310	97	5	120162	166160	33231	1845	614	250	132	48	7	1	0	0	0	253626
unclassified-kra_SRR26417112_.hist	474402606	101941390	21664365	7685746	4188528	2667308	1649050	1473075	1336589	681659	330043	215266	299284	494167	586325	186557	107543	44808	79924	196737	371614	135725	58813	17208	15957	51064	121532	227388	75795	37896	11227	3335	1333	152	47	93879	177841	97003	19399	1076	357	145	76	27	3	0	0	0	0	303976
unclassified-kra_SRR26416948_.hist	457484261	95187750	21563590	7588009	4065160	2599348	1442844	1288874	1835257	935980	453179	223496	132227	218327	270886	391988	621773	275682	43857	23877	15486	16711	79379	154348	329822	183233	41374	13322	4439	2218	656	194	25351	76052	390784	24423	7020	3828	764	41	12	4	1	0	0	0	0	0	0	397872
unclassified-kra_SRR26417106_.hist	470798489	137485302	24918319	9030759	5094814	3204945	2216070	1088788	653561	747672	872138	732151	281092	191633	237766	344060	527154	219646	34942	47603	89916	147205	358054	104770	7523	24075	57297	152793	98582	49290	14603	29206	195272	22525	7166	446	127	68	146241	100519	33505	13730	7287	2731	454	150	66	21	6	258675
unclassified-kra_SRR26417113_.hist	478630212	100909494	20683393	7441916	4155071	2636055	2017863	1802532	722211	394448	460112	519925	722855	399593	206777	95580	151608	202392	353597	192513	124872	39021	54947	106841	228305	170897	38588	12425	4140	2069	271485	80665	32265	3721	1182	72	19	23316	260515	14472	4823	1975	1047	391	64	20	8	1	0	261503
unclassified-kra_SRR26417095_.hist	457521713	96968222	21896454	7738166	4184386	2665252	1745163	1558932	1541477	786152	380636	187720	242717	400765	497244	446791	257561	107316	17072	42022	79374	129947	448768	131314	7723	6411	15259	40690	195006	97502	28888	8582	3432	394	124	180113	136082	74225	14844	823	273	111	57	20	2	0	0	0	0	343091
unclassified-kra_SRR26417160_.hist	467171862	98105269	20773429	7453334	4143461	2628861	2027018	1810710	712966	410913	479318	541628	753029	416274	215408	86177	136694	182482	384172	230847	149737	46792	21239	41297	88245	282386	63763	20533	9487	132828	113515	33728	13490	1555	493	29	23668	273133	54625	3033	1010	413	218	80	12	3	0	0	0	286828
unclassified-kra_SRR26416995_.hist	450838765	110057324	23797094	8422405	4568452	2898186	1955493	1746817	811514	413871	432435	488651	679374	380768	197035	108322	171821	229375	297480	161960	105054	32828	52847	102757	219578	121987	27544	8869	2955	1476	229404	84347	33737	3890	1237	76	20	10	264313	19454	6483	2656	1408	527	86	27	11	2	0	254354
unclassified-kra_SRR26417249_.hist	484500793	95595513	21621141	7624058	4103247	2626233	1449148	1294505	1865747	951530	460708	227209	257631	425390	527798	342929	197687	82368	39851	98094	185288	303343	422183	123535	7265	4035	910	292	96	47	12	2	470425	169350	53883	3366	966	526	104	4	0	0	0	0	0	0	0	0	0	448775
unclassified-kra_SRR26417186_.hist	488727360	97657689	20711498	7397523	4081627	2599062	1740580	1554838	1348720	687846	333038	247563	344187	568308	565753	180011	103770	50655	106641	262500	387793	121184	52512	15364	12188	39001	92821	247523	130808	65403	19377	5756	2301	264	83	4	239687	130737	26146	1451	482	196	103	37	5	0	0	0	0	318271
unclassified-kra_SRR26417035_.hist	492457321	111254487	21644763	7838882	4418035	2788885	2439901	1198759	526567	602392	702672	794019	403147	222859	144786	209514	332331	443653	112745	61382	39814	41698	198067	385130	26736	14852	3352	1078	14015	196213	186694	55471	22187	2558	813	49	13	6	241701	48180	16059	6580	3492	1308	217	71	30	9	2	249255
unclassified-kra_SRR26417293_.hist	471492956	137611731	25967805	9431837	5320430	3346583	2334677	1147061	748152	855885	998365	714579	274346	224412	278436	402912	499163	207983	34717	85456	161417	264262	248505	72715	18702	59846	142432	154524	51507	25752	40451	80902	188270	21717	6909	430	122	66	180932	103242	34413	14102	7484	2805	466	154	68	21	6	299976
unclassified-kra_SRR26417456_.hist	470774582	106287401	20368553	7366606	4144186	2620097	2155958	1311465	516388	519430	605900	684666	463791	256383	132669	172584	273753	365453	154228	83968	54464	35797	170035	330624	19447	10803	2438	784	32082	281713	83469	24800	9919	1143	362	21	5	106772	190376	10575	3524	1443	765	285	46	14	5	0	0	261871
unclassified-kra_SRR26417172_.hist	462449250	100025381	22784718	7989543	4244670	2708140	1561966	1395285	1558059	794609	384730	208199	289460	477945	593005	188682	108769	45319	43222	106392	200963	329005	318045	93063	5473	3039	685	219	72	35	9	1	395754	172835	54992	3436	986	537	106	4	0	0	0	0	0	0	0	0	0	415354
unclassified-kra_SRR26417374_.hist	486930514	81022254	16178985	5864432	3309105	2099906	1700064	1518645	778543	397056	320303	361941	503208	497823	257608	81965	70086	93562	196972	298968	193924	60600	26259	9000	19231	61539	146462	189361	63119	31558	9349	2777	1109	127	39	56075	172772	94238	18846	1046	347	141	74	26	3	0	0	0	0	266184
unclassified-kra_SRR26417330_.hist	463501278	98688440	20771789	7438204	4121753	2612874	2004500	1790595	725808	370161	431781	487912	678346	442146	228796	77748	123323	164633	346239	188507	122273	38209	82799	160997	88953	49417	11157	3592	208762	139954	41466	12320	4927	567	179	10	1	276676	55334	3073	1023	418	221	81	12	3	0	0	0	254651
unclassified-kra_SRR26417000_.hist	476955246	95051966	21691672	7581496	3994653	2559478	1241233	1108778	1674826	1153439	558468	275422	105741	145694	180768	261581	414920	553907	88120	47975	31118	9723	43083	83771	179008	293433	66258	21336	7111	3554	1052	311	15216	45647	359630	22475	6460	3523	703	38	11	3	1	0	0	0	0	0	0	380037
unclassified-kra_SRR26417257_.hist	450377539	99274211	22553411	7934108	4247836	2710812	1601262	1430387	1688157	860959	416855	205582	173584	286615	355613	514593	469738	195723	31136	16951	26915	44063	209299	406970	23938	21288	50664	135104	75372	37685	11164	3316	1325	151	84864	250923	72139	39347	7868	436	144	58	29	10	0	0	0	0	0	347925
unclassified-kra_SRR26417299_.hist	481866452	110130449	21113075	7633205	4291785	2708253	2253412	1107134	518015	592608	691260	781123	299894	165780	177367	256660	407115	308465	49073	27522	51986	85108	404262	118291	6957	10652	25352	67604	90473	45235	202817	60262	24103	2779	883	54	14	6	220139	50009	16668	6830	3624	1358	225	74	32	9	2	230605
unclassified-kra_SRR26417151_.hist	478360950	86687140	18583657	6637314	3661956	2331116	1612336	1440279	1226302	625413	302809	207436	288399	476194	590832	254908	146946	61226	34858	85805	162076	265342	225663	66031	3883	12425	29571	78855	170158	85078	25207	7488	2994	344	108	172949	100908	55039	11006	610	202	81	42	14	1	0	0	0	0	327484
unclassified-kra_SRR26417001_.hist	466755435	94766783	20421229	7348518	4103677	2603902	2111941	1886570	742836	439168	512276	578871	747319	413117	213775	101054	160292	213985	405481	220761	143195	44747	24128	46915	100251	315871	71324	22967	7654	3826	220693	65573	26228	3024	961	59	15	277829	68967	3830	1275	521	276	102	16	4	0	0	0	319142
unclassified-kra_SRR26416965_.hist	396863657	24247193	5701444	2307012	1070427	648572	304218	271753	410487	469596	547770	618979	276194	152679	79006	25137	21326	28469	59935	147531	278669	170423	73849	21608	1270	704	158	49	15	6	1587	3173	332268	38329	12194	761	217	117	22	0	0	0	0	0	0	0	0	0	0	251610
unclassified-kra_SRR26417447_.hist	456798499	76469734	17338772	6156555	3360775	2141446	1514778	1353132	1264158	644719	312157	211719	294353	486024	603029	191871	110607	46085	47572	117100	221188	302366	131024	38338	2254	5073	12074	32197	248196	124097	36768	10924	4368	502	159	8	1	264914	52981	2942	979	400	211	78	12	3	0	0	0	259058
unclassified-kra_SRR26416985_.hist	465101904	131031580	22336430	8189472	4619621	2905895	2093742	1028686	577993	661223	771297	851939	327083	180810	150382	217612	345176	460801	98372	53557	34738	39170	186057	361777	43905	24390	5506	1772	16537	231525	145552	43247	17297	1994	633	38	10	56744	252686	14037	4678	1916	1016	380	62	19	7	1	0	274993
unclassified-kra_SRR26417096_.hist	451490077	89141675	19282695	6865217	3766534	2397374	1617757	1445121	1223059	623759	302008	214778	298607	493048	611744	194644	112206	46751	49013	120647	227888	302621	131134	38370	2860	9151	21779	58078	228578	114288	33862	10060	4023	463	146	8	94904	188914	37781	2097	698	285	150	55	8	1	0	0	0	272700
unclassified-kra_SRR26417043_.hist	435632107	87920731	19351113	6863161	3738233	2379257	1580900	1412198	1178243	600903	290942	219114	304634	503000	581872	185140	106726	44468	44413	109324	206501	311693	135066	39521	2323	4674	11123	29660	250194	125096	37064	11012	4403	507	160	9	19593	240776	48154	2674	890	363	192	71	10	2	0	0	0	268433
unclassified-kra_SRR26417297_.hist	472057344	98609689	20312358	7298493	4066541	2577370	2013116	1680561	661720	387957	452541	511370	710960	393018	203374	80677	127970	170836	359655	195811	127011	39690	70085	136275	131521	73066	16497	5311	170131	171893	50930	15132	6051	697	220	12	2	264398	74379	4131	1376	562	297	110	17	4	1	0	0	269898
unclassified-kra_SRR26416936_.hist	462997851	158904066	28774923	10428116	5868649	3686809	2292354	1126267	833436	953450	1112172	558841	214554	325549	403921	509698	293825	122426	68018	167428	316253	187715	81342	42371	90541	289730	65422	21067	7021	3509	189192	182927	73170	8439	2684	166	46	24	165368	125336	41777	17121	9086	3406	566	187	83	26	7	282495
unclassified-kra_SRR26417159_.hist	471360038	91219320	18843789	6784099	3791267	2404102	1908862	1705162	708024	361091	421202	475957	661726	395206	204506	74882	118778	158565	333820	215531	139803	43687	22472	43694	93369	218733	49390	15904	14410	201748	59776	17760	7103	818	259	15	22791	247147	49428	2745	914	373	197	72	11	2	0	0	0	270504
unclassified-kra_SRR26417016_.hist	482418126	93234575	18920796	6892074	3913876	2473523	2325054	1403526	552637	488587	569922	644011	646691	357490	184990	100050	158699	211858	343723	187137	121385	37931	114872	223362	22770	12649	30104	80277	241890	120944	35834	10646	4257	490	154	8	35994	281154	56229	3122	1039	425	224	83	12	3	0	0	0	299049
unclassified-kra_SRR26417377_.hist	473432155	89919606	17931852	6513284	3685477	2331347	2066695	1412564	556196	398459	464790	525212	660479	365112	188934	80526	127729	170515	331245	180343	116978	36554	106757	207582	12209	8179	19467	51911	239173	119585	35431	10526	4209	484	153	8	1	288148	57628	3200	1065	435	230	85	13	3	0	0	0	276912
unclassified-kra_SRR26417155_.hist	404195192	86061020	19938859	7085528	3710000	2352262	1961621	1752291	699249	356616	415982	470059	653524	472255	244377	77755	79991	106786	224811	358476	232524	72662	31486	9212	13595	43505	103543	276114	96226	48112	14254	4234	1692	194	60	2	208409	131776	26354	1463	486	198	104	38	5	0	0	0	0	283872
unclassified-kra_SRR26417608_.hist	449210914	139755255	24233374	8762430	4927605	3101164	2183533	1072802	531787	608364	709639	801891	315552	174436	166473	240895	382109	391715	62317	33927	38526	63073	299597	238325	14018	7786	1757	564	82110	245127	72629	21579	8630	994	315	18	4	169619	135802	7543	2513	1029	545	203	32	9	3	0	0	262314
unclassified-kra_SRR26416959_.hist	456338819	89261374	18930786	6808311	3798754	2411101	1899502	1696801	839329	428056	399440	451366	627536	459609	237833	80332	127422	170105	358115	194972	126467	39520	45124	87740	187489	106271	23995	7726	27882	232287	68824	20449	8178	942	298	17	4	276890	55377	3075	1024	418	221	81	12	3	0	0	0	277885
unclassified-kra_SRR26417457_.hist	465803401	103410712	20814974	7503971	4202049	2660078	2145298	1513179	595813	480860	560909	633826	626112	346114	179103	100870	160000	213595	350743	190959	123864	38706	36476	70925	151556	213874	48293	15551	5182	2590	244878	72759	29102	3356	1066	65	17	51537	239174	13286	4427	1813	961	359	58	18	7	1	0	279821
unclassified-kra_SRR26417184_.hist	469506653	168504499	27981436	10314006	5761826	3605039	1646923	867896	1310971	1311029	634769	313052	391751	646844	549756	174921	135993	181546	382202	231844	150384	46994	223221	108383	28752	92006	218974	143843	47946	23972	7101	2109	142211	173139	55088	3442	988	538	106	75380	127058	52072	27639	10363	1726	574	256	84	27	237614
unclassified-kra_SRR26417632_.hist	477440188	90135693	19410669	6922693	3809740	2427733	1606980	1435495	1436101	732410	354615	186923	259879	429102	532404	281850	162477	67698	83633	205865	280821	87755	38026	17830	38099	121918	290165	93442	31146	15572	4612	1369	546	62	18	277824	84601	46145	9228	511	169	68	35	12	1	0	0	0	0	319730
unclassified-kra_SRR26417124_.hist	465212712	97887123	22113258	7800731	4202046	2678955	1671538	1493163	1536962	783849	379521	187170	252489	416900	517264	439937	253610	105669	35139	86496	163380	267477	115905	33914	25511	81637	194295	171636	57211	28604	8474	2517	1005	115	35	217509	143760	78413	15681	870	289	117	61	22	2	0	0	0	0	345376
unclassified-kra_SRR26417448_.hist	469310390	86023648	17375865	6270302	3516182	2228214	1809982	1616834	636627	324679	378413	427606	594502	407473	210854	67089	103216	137789	290082	157933	102442	32012	129589	198243	11660	6477	1461	2906	228260	114129	33815	10046	4017	462	146	8	1	236172	47233	2623	873	356	188	69	10	2	0	0	0	240851
unclassified-kra_SRR26417407_.hist	466704951	87755350	18505766	6650411	3706350	2351378	1858131	1659845	843653	430262	361978	409034	568682	488632	252851	80451	86011	114821	241728	287117	186237	58198	25218	28401	60690	194207	43852	14120	29971	210608	62401	18540	7415	854	270	15	3	252651	50529	2806	934	381	201	74	11	2	0	0	0	263386
unclassified-kra_SRR26417032_.hist	451082729	88764777	20103991	7113772	3856795	2453862	1715985	1532868	1158974	591075	286184	284662	395766	653474	447759	142468	82127	53769	113197	278638	372219	116317	50403	14747	9730	31135	74101	197601	163973	81985	24291	7216	2885	331	104	5	73984	241735	48346	2684	893	365	192	71	10	2	0	0	0	281907
unclassified-kra_SRR26417018_.hist	481754014	87184802	19006605	6799259	3761530	2395077	1712436	1529697	1345720	686316	332297	197272	274268	452860	561881	401535	231472	96445	21052	51821	97883	160248	329817	96508	19012	60840	144799	130938	43645	21821	6464	1919	766	87	103134	241439	69412	37860	7571	419	138	55	28	9	0	0	0	0	0	349367
unclassified-kra_SRR26417227_.hist	488966229	99342210	22020855	7725263	4108805	2628810	1307761	1168206	1764594	899942	435730	214891	151835	250703	311057	450117	390741	162807	25900	23388	44178	72325	343543	107749	12902	41287	98263	165486	55161	27579	8170	2426	969	110	34	203844	119782	65334	13065	724	240	97	50	18	2	0	0	0	0	305830
unclassified-kra_SRR26417369_.hist	460281395	89075340	20202549	7139986	3861380	2464082	1559975	1393506	1580924	806270	390376	192523	217135	358524	444835	505485	291396	121414	19314	27164	51310	84001	399008	116754	47398	151675	92843	29897	9964	4981	1474	437	173	520	496374	31022	8917	4863	971	52	16	5	2	0	0	0	0	0	0	384412
unclassified-kra_SRR26417229_.hist	465895440	101696383	19810372	7143388	4001358	2537599	1909043	1705324	671470	372649	434684	491192	682907	381645	197489	85282	135274	180587	347247	189055	122629	38320	24652	47934	102428	252074	56919	18328	6426	89971	127181	37788	15114	1742	553	33	8	258735	51746	2873	956	391	206	76	11	2	0	0	0	265502
unclassified-kra_SRR26417358_.hist	491782686	98333620	20524614	7328014	4040590	2568170	1778037	1588298	1130048	576323	279041	290498	403880	666871	441788	140568	81032	37659	79281	195152	368620	162318	70337	20580	10354	33133	78856	210284	105878	52938	15684	4659	1862	213	67	77237	169261	92323	18463	1024	340	138	72	26	3	0	0	0	0	288555
unclassified-kra_SRR26417319_.hist	486106731	98238117	21579560	7630205	4130409	2635125	1565726	1398643	1554360	792722	383817	192439	267548	441765	548115	300611	173292	72204	106507	262171	170055	53141	23026	40394	86315	276209	178483	57476	19157	9577	2836	841	335	37	11	297628	85567	46672	9333	517	171	69	35	12	1	0	0	0	0	343290
unclassified-kra_SRR26417256_.hist	476362864	81532818	16826031	6049822	3374106	2143251	1618574	1445851	1000189	510095	246975	206177	286649	473303	522342	166198	95807	39918	57538	141632	267526	197060	85391	24985	5617	17975	42780	114080	172304	86151	25525	7583	3032	348	109	5	57139	206132	41225	2289	762	311	164	60	9	2	0	0	0	242947
unclassified-kra_SRR26417287_.hist	482013772	88233574	18755697	6679680	3666944	2336635	1505373	1344730	1243693	634282	307104	225077	312925	516690	537760	171104	98635	41097	75142	184964	349376	141413	61278	17929	10642	34055	81050	216134	107985	53991	15996	4752	1899	218	68	3	142907	167982	33595	1865	620	253	133	49	7	1	0	0	0	274027
unclassified-kra_SRR26417460_.hist	460389258	117993457	21114887	7656974	4323248	2729700	2231435	1173969	482278	551725	643571	727234	383701	212109	154091	222978	353689	246580	39227	62436	117933	193074	240875	70482	4145	6098	14514	38703	254863	127430	37756	11217	4486	516	163	9	1	175449	138536	7695	2564	1049	556	207	33	10	3	0	0	250245
unclassified-kra_SRR26417143_.hist	467083956	87826615	19218088	6820021	3719172	2371883	1489026	1330128	1477660	753605	364877	179948	159275	262989	326300	472175	430234	179263	28518	15525	12246	20048	95227	185164	311775	173207	39110	12593	4196	2097	620	183	72	7	288544	126519	36373	19838	3966	219	72	28	14	4	0	0	0	0	0	333754
unclassified-kra_SRR26416994_.hist	470383019	111415019	21616660	7772791	4335569	2747522	2025068	1653497	651063	425453	496278	560793	640469	354051	183210	104870	166345	222065	316210	172158	111669	34895	52718	102508	218521	121399	27411	8826	2941	41175	236234	70191	28075	3237	1029	63	17	8	245748	41458	13818	5662	3004	1125	186	61	26	7	1	250340
unclassified-kra_SRR26416960_.hist	486329860	88546619	19566315	6944897	3788402	2421853	1436788	1283464	1835176	935939	453159	223486	119512	197332	244837	354293	561982	322246	51265	27910	18102	19280	91583	178077	315820	175454	39617	12757	4251	2124	628	185	73	7	445495	44816	12883	7026	1404	77	24	9	3	0	0	0	0	0	0	377608
unclassified-kra_SRR26417291_.hist	478260164	153490717	25658192	9453367	5276842	3300182	1541350	806428	1218122	1205415	583633	287833	400176	651081	336914	131006	207802	277410	265062	144310	93605	62906	298804	104046	11184	35790	85180	227146	87239	43618	12923	3838	32618	97853	187548	11720	3368	1836	366	19	139671	66842	35479	13303	2216	737	329	108	35	222365
unclassified-kra_SRR26417373_.hist	472725330	118152835	20275138	7520471	4238839	2665164	2044205	1004347	572310	654721	763713	836651	321213	177566	167016	241681	383356	429983	68405	37241	36631	59970	284858	308155	18125	10068	2272	730	27475	311456	92282	27418	10966	1264	401	24	5	107446	215340	11962	3986	1632	865	323	52	16	6	1	0	291878
unclassified-kra_SRR26417022_.hist	402876637	91781936	21409578	7807634	3632436	2329697	1331778	1189661	1797001	1333544	645670	318429	122253	169492	210295	304308	482695	644385	102514	55812	36201	20383	96821	188262	277360	154088	34793	11203	3733	1865	551	162	100082	300246	206086	12879	3701	2018	402	21	6	1	0	0	0	0	0	0	0	411248
unclassified-kra_SRR26417259_.hist	483109031	116175164	22169522	8047628	4550006	2873124	2484384	1220614	573072	655593	764730	848568	325788	180095	192245	278189	441265	349612	55619	30280	54966	89986	427436	125072	7638	24440	58168	99696	33231	16614	238456	70851	28339	3268	1038	63	17	8	253235	42463	14153	5799	3077	1153	191	62	27	8	1	258445
unclassified-kra_SRR26417662_.hist	467578249	97480861	22190676	7821736	4205919	2689411	1545427	1380510	1912407	975326	472229	232892	181652	299936	372142	538511	482932	201220	32011	17427	32917	53889	255975	416653	24508	13614	13372	35657	197145	98571	29205	8676	3469	399	126	179692	160088	87320	17463	969	322	130	68	24	3	0	0	0	0	365097
unclassified-kra_SRR26417353_.hist	482723759	100108084	19696375	7162433	4058575	2567527	2243532	1491956	587457	495201	577638	652730	631106	348874	180531	128664	204087	272451	289966	157869	102400	31999	133810	260185	27463	15256	7943	21182	266704	133351	39510	11738	4694	540	170	9	1	249747	91994	5109	1702	696	368	137	21	6	1	0	0	268742
unclassified-kra_SRR26416933_.hist	468218177	117315033	23829659	8556630	4762604	3012321	2371764	1482295	583653	598709	698376	789164	507035	280288	147921	214050	339527	453259	88620	48247	42859	70165	333286	220603	12975	18427	43857	33080	11025	154361	193308	57436	22973	2649	841	51	13	6	304020	18615	6204	2541	1348	504	83	26	10	2	0	273143
unclassified-kra_SRR26417449_.hist	472933382	91218335	19194593	6835561	3751841	2388751	1550548	1385085	1276634	651082	315238	155467	216146	356891	442809	448290	258425	107676	17129	25913	48945	80130	323418	94635	35179	112572	154464	49741	16579	8288	2454	728	290	32	181788	166294	47808	26076	5214	288	95	38	19	6	0	0	0	0	0	306591
unclassified-kra_SRR26417154_.hist	461678788	95490928	19017508	6852279	3834061	2432400	1843077	1646397	753660	384366	420348	474993	660384	365060	188907	116960	185522	247667	219890	119717	77653	28056	133266	259127	15241	8466	1910	614	226127	115707	34282	10185	4073	468	148	8	87011	186787	37356	2074	690	281	148	54	8	1	0	0	0	263663
unclassified-kra_SRR26417107_.hist	463634008	87470589	18017843	6481207	3617348	2295662	1769038	1580260	755116	385108	375838	424695	590456	427524	221230	70390	91246	121810	256442	292871	189969	59364	25723	8085	17277	55286	131582	252298	84098	42048	12457	3700	1479	169	52	2	137965	176617	35322	1961	652	266	140	51	7	1	0	0	0	269278
unclassified-kra_SRR26417082_.hist	484301152	86185769	18280722	6542467	3622099	2308916	1544777	1379930	1437909	733332	355062	175107	175867	290385	360291	521362	399715	166547	26495	14424	15163	24823	117911	229270	275903	153278	34610	11144	3713	1855	548	162	63	6	442783	34699	9975	5440	1087	59	18	6	2	0	0	0	0	0	0	346249
unclassified-kra_SRR26417192_.hist	483655079	93037066	19542130	6959761	3820470	2433189	1563135	1396328	1426488	727508	352241	173716	147975	244330	303149	438674	471665	196526	31264	17020	12177	19934	94690	184118	278940	154965	34991	11267	3754	1876	554	163	64	6	277796	116460	33481	18261	3651	201	66	26	12	3	0	0	0	0	0	316622
unclassified-kra_SRR26416972_.hist	447644002	93695123	20587178	7348276	4049806	2571788	1936503	1729854	967393	493369	329141	371929	517094	705719	365188	116195	66982	69048	145364	357820	335489	104839	45429	13292	9794	31340	74590	198905	180964	90481	26808	7964	3184	366	115	6	58113	259799	51958	2885	960	392	207	76	11	2	0	0	0	292830
unclassified-kra_SRR26417045_.hist	444535551	146598186	26569970	9634558	5417384	3401778	2124287	1043693	711579	814045	949560	731331	280778	219745	272645	394533	451591	188162	43382	106787	201708	233361	101122	37471	80071	256228	57857	18630	6209	3103	264000	91844	36736	4236	1347	83	22	11	241591	67015	22337	9153	4857	1820	302	99	43	13	3	270432
unclassified-kra_SRR26417100_.hist	460882944	86196994	19297171	6845523	3730184	2377192	1589151	1419568	1438563	733666	355223	175187	200964	331824	411706	534676	308224	128425	20430	12220	23082	37787	179490	349009	184164	102312	23101	7438	2478	1238	365	107	42	3	474398	29648	8523	4647	928	50	15	5	1	0	0	0	0	0	0	365093
unclassified-kra_SRR26417195_.hist	475065236	118371953	24473657	8711992	4778314	3031189	2062429	1842342	815521	415914	485152	548221	692382	382748	198060	121251	192329	256754	333597	181624	117809	36814	39045	75920	162230	232079	52403	16874	5623	2810	115747	150197	60077	6929	2203	136	38	19	259307	23978	7991	3274	1737	650	107	34	14	3	0	263416
unclassified-kra_SRR26416951_.hist	485753896	84548417	18252497	6542037	3630665	2312356	1651550	1475309	1391746	709789	343663	169485	232276	383525	475854	497622	286863	119525	19014	12861	24293	39770	188908	367320	187073	103928	23466	7556	2517	1257	371	109	42	3	460834	28801	8279	4515	902	49	15	5	1	0	0	0	0	0	0	358028
unclassified-kra_SRR26417296_.hist	477269582	105065109	21849606	7824161	4335625	2747557	2089928	1569382	617943	499779	582978	658764	565879	312817	161872	162119	257154	343293	241718	131601	85362	26674	93736	182265	203773	113206	25561	8230	2742	1370	228671	115285	46113	5318	1691	104	29	14	227525	46550	15515	6357	3373	1264	209	68	29	8	1	259010
unclassified-kra_SRR26417094_.hist	488709896	98829812	20077929	7176864	3965147	2522690	1669821	1491630	1251540	638284	309041	202424	281430	464687	576555	253379	146064	60859	37657	92695	175089	286646	139959	40953	8734	27948	66516	177376	96798	48398	14339	4259	1702	195	61	138480	145034	79108	15820	877	291	118	61	22	2	0	0	0	0	312562
unclassified-kra_SRR26417359_.hist	460863842	87884916	19361907	6878997	3759415	2392791	1633519	1459202	1277537	651543	315461	180554	251024	414481	514262	373949	215569	89819	17787	43782	82699	135390	325776	95325	35038	112120	131032	42195	14064	7031	2082	617	246	27	300948	109402	31452	17154	3429	189	62	24	11	3	0	0	0	0	0	331245
unclassified-kra_SRR26417382_.hist	473358062	112474897	21479989	7762653	4362151	2759635	2199106	1406443	553786	561218	654645	739748	446872	247030	132198	191298	303437	405081	130439	71015	46063	37742	179274	348587	38441	21355	4821	1551	14064	196896	163847	48683	19472	2245	713	43	11	5	287623	15978	5325	2181	1156	432	71	22	9	2	0	263043
unclassified-kra_SRR26416934_.hist	465628929	100449931	20843871	7484273	4165479	2635556	2145657	1402388	552189	530524	618840	699289	467925	258668	133852	176522	280000	373793	158976	86552	56141	31895	151501	294584	60601	33666	7601	2446	50137	254461	75394	22401	8959	1032	327	19	4	210796	117617	6533	2176	891	472	176	28	8	2	0	0	279802
unclassified-kra_SRR26417243_.hist	464898021	102674933	20871904	7484890	4157714	2638248	1919833	1714963	746214	395260	461060	520996	695063	384230	198827	84083	133372	178047	373676	203445	131963	41237	20620	40094	85675	274160	92111	29662	9886	4942	74756	149512	59804	6898	2193	136	38	19	254371	22173	7390	3027	1606	601	99	32	13	3	0	251079
unclassified-kra_SRR26417052_.hist	470708021	85990617	19151236	6803299	3717378	2371101	1552395	1386734	1503557	766813	371272	183102	196632	324671	402832	582921	336035	140013	22273	12125	19843	32485	154304	259613	258831	143794	32468	10455	3484	1741	514	151	861	2584	471971	29497	8479	4624	923	50	15	5	1	0	0	0	0	0	0	364826
unclassified-kra_SRR26417673_.hist	421532724	80492337	18636743	6609181	3284159	2104800	1134637	1013556	1530992	992876	480727	237082	142527	235335	291989	422525	243572	101487	32244	79370	149921	245442	279975	81923	4818	2675	603	193	63	30	39814	79627	414957	47868	15229	950	272	147	28	0	0	0	0	0	0	0	0	0	0	382109
unclassified-kra_SRR26417320_.hist	490363015	92513364	21314105	7453882	3933541	2520101	1294720	1156557	1746997	1139267	551606	272038	104442	172450	213965	309619	491119	425186	67642	36826	23886	29070	138084	268497	199363	110756	25008	8052	2683	1340	396	116	47455	142364	325488	20342	5847	3188	636	34	10	3	0	0	0	0	0	0	0	409484
unclassified-kra_SRR26417328_.hist	469238977	80421500	17985051	6395212	3500679	2229666	1562670	1395913	1257764	641458	310578	206864	287603	474879	589201	204089	117650	49020	57172	140731	265825	234143	101461	29687	6762	21638	51499	137331	181439	90718	26878	7985	3193	367	115	6	65288	231446	46288	2570	855	349	184	68	10	2	0	0	0	277556
unclassified-kra_SRR26417187_.hist	472729574	93459705	18865948	6805428	3814390	2420289	1876314	1676088	659958	413643	482502	545226	603501	333615	172635	127937	202934	270912	229130	124747	80916	47631	226250	140340	8254	14198	33791	90109	208184	104091	30840	9162	3664	421	133	7	65385	230212	46041	2556	851	347	183	67	10	2	0	0	0	278847
unclassified-kra_SRR26417119_.hist	486157340	97403026	20566056	7350191	4059681	2581091	1810949	1617698	1194817	609355	295035	230946	321084	530162	657792	215617	124295	51788	40381	99400	187754	307381	190742	55812	10685	34193	81378	217009	72335	36166	10715	3182	1272	145	45	247464	114221	62301	12459	691	229	93	48	17	1	0	0	0	0	322512
unclassified-kra_SRR26416978_.hist	468362804	94275628	21087833	7417842	3970502	2540937	1325376	1183942	1721394	877910	425063	209630	162745	268718	333408	482461	421732	175720	27954	44699	84431	138225	192885	56439	35311	112996	268930	86603	28866	14432	4275	1269	506	57	17	285180	104109	56785	11356	629	208	84	43	15	1	0	0	0	0	330203
unclassified-kra_SRR26417132_.hist	461764970	152767147	29683224	10662536	5938005	3745856	2785374	1368495	666420	762384	889299	949020	364355	201414	249902	361622	516911	215378	54390	133884	252891	215247	93272	44302	94667	302934	68403	22027	7341	3669	211816	158231	63291	7300	2321	144	40	21	252201	76827	25608	10494	5569	2087	346	114	50	15	4	301052
unclassified-kra_SRR26416979_.hist	459395824	93396404	20786307	7333997	3952261	2521415	1496817	1337088	1557344	794244	384554	189652	178949	295473	366605	530498	305815	127422	20270	24935	47099	77107	366261	226479	13321	7399	1669	536	16770	234785	69565	20668	8266	952	302	14938	180774	98603	19719	1094	363	148	77	28	3	0	0	0	0	304718
unclassified-kra_SRR26417284_.hist	479753860	127315564	24238940	8811767	4991618	3146877	2533679	1244833	626418	716621	835918	913726	350804	193924	221738	320867	508961	234792	37608	92574	174861	286272	124050	36297	63532	203301	130358	41978	13991	6994	103276	206552	82619	9530	3031	188	53	28	196599	92419	30805	12624	6700	2511	417	138	60	19	5	287655
unclassified-kra_SRR26417065_.hist	459711054	163068529	29704504	10737980	6036708	3793775	2377914	1168304	791406	905367	1056085	669173	256913	296348	367690	532068	313647	130685	75052	184742	348957	184675	80025	26249	56091	179491	237967	76632	25543	12770	12390	24780	295780	34120	10855	677	193	104	92830	148736	49577	20317	10783	4042	672	223	99	32	9	288592
unclassified-kra_SRR26417123_.hist	468864992	110844655	20270452	7374727	4181466	2641664	2241745	1249918	492154	563023	656750	742127	398783	220446	129622	187570	297524	397186	136214	74160	48102	36396	172880	303536	17854	9917	2238	719	230389	146122	43294	12863	5144	592	187	10	2	237042	93050	5168	1721	704	373	138	22	6	1	0	0	266126
unclassified-kra_SRR26417352_.hist	466491163	93587261	19387448	6954302	3864393	2453563	1816677	1622815	904019	461048	301145	340293	473110	649704	336202	106972	67220	89736	188918	327176	212221	66318	28736	28462	60820	194623	57264	18440	15174	212435	62942	18701	7479	861	273	16	3	266186	61821	3433	1143	467	247	91	14	3	0	0	0	264182
unclassified-kra_SRR26416970_.hist	469082215	96958076	20988809	7466570	4090318	2604596	1711070	1528478	1351095	689057	333625	232664	323474	534107	662687	210854	121550	50644	51324	126337	238636	319345	138382	40491	6026	19282	45891	122377	172446	86222	25546	7589	3034	349	110	72785	185575	101222	20243	1123	373	152	79	28	3	0	0	0	0	307837
unclassified-kra_SRR26416968_.hist	488783374	95034693	21927025	7698042	4079597	2610466	1473005	1315817	1987562	1020194	493953	243605	150423	248373	308166	445933	567061	236274	37588	20463	31081	50883	241697	469967	27644	15356	3466	1115	370	184	53	14	286496	264814	84258	5265	1512	824	163	8	1	0	0	0	0	0	0	0	0	441650
unclassified-kra_SRR26416983_.hist	465733830	91038270	20123665	7101299	3828216	2446930	1356055	1211346	1625868	829192	401474	197997	178310	294417	365295	528602	304723	126966	20198	27365	51689	84621	401952	117615	6917	11492	27350	72933	163091	81544	24160	7177	2870	330	104	78520	166515	90825	18164	1008	335	136	71	25	3	0	0	0	0	298737
unclassified-kra_SRR26417298_.hist	464015022	90581245	19756642	7010484	3822125	2430479	1648370	1472468	1153989	588533	284953	186245	258937	427546	530473	344424	198549	82727	13160	32393	61186	100170	381138	111525	41443	132618	74747	24070	8022	4010	1187	351	139	15	422350	26395	7587	4137	826	44	13	4	1	0	0	0	0	0	0	332025
unclassified-kra_SRR26416996_.hist	460252166	87709524	19488842	6936441	3803326	2421954	1686419	1506456	1434233	731458	354154	174659	227421	375508	465907	517268	298189	124244	19765	10760	19271	31549	149861	291395	266203	147889	33393	10752	3583	1790	529	156	61	6	256887	160229	46064	25125	5024	278	91	36	18	5	0	0	0	0	0	339932
unclassified-kra_SRR26417451_.hist	486713971	97384889	19931436	7128755	3942622	2508031	1690121	1509764	1200739	612376	296497	216067	300398	496006	615414	195812	112879	47032	65532	161308	304693	220683	95628	27981	6116	19573	46583	124220	187886	93942	27833	8269	3306	380	120	6	177007	133438	26686	1481	492	200	105	38	5	0	0	0	0	295907
unclassified-kra_SRR26417306_.hist	462908911	92498637	18259441	6580178	3682715	2334963	1797188	1605405	632127	325455	379634	428985	596420	463657	239928	76339	67190	89697	188834	333466	216301	67593	29289	8569	11775	37681	89681	239150	100734	50366	14922	4432	1772	203	63	2	103458	185500	37099	2060	685	280	147	54	8	1	0	0	0	254849
unclassified-kra_SRR26417058_.hist	494132591	93099658	19452942	6972519	3869806	2461872	1736812	1551472	1243311	634088	307009	234647	326230	538658	600253	190988	110098	45873	60731	149491	282372	238777	103469	30275	8300	26560	63213	168568	161705	80851	23955	7116	2845	327	103	5850	225208	122840	24567	1363	453	184	97	35	4	0	0	0	0	300687
unclassified-kra_SRR26417461_.hist	469462767	123181724	24375008	8779604	4909752	3102367	2504568	1230531	586296	670722	782378	884086	380399	210284	178730	258632	410243	465920	74122	40354	38138	62436	296574	336443	19789	10993	2481	798	147707	73852	218943	65053	26020	3000	953	58	15	7	289090	40814	13603	5574	2957	1108	183	60	26	7	1	269249
unclassified-kra_SRR26417193_.hist	479513940	92673297	18704243	6762103	3802006	2412431	1911716	1707712	733083	373871	436109	492803	685146	427085	221003	80251	127294	169933	357754	194776	126340	39480	40663	79067	168956	172404	38929	12535	6492	90896	149730	44488	17794	2051	651	39	10	260884	52175	2897	964	394	208	77	11	2	0	0	0	283683
unclassified-kra_SRR26416940_.hist	396614367	91404970	21174731	7521892	3797824	2419506	1631660	1457542	1431807	730220	353555	174364	208209	343786	426548	548230	316037	131681	20948	12733	24050	39373	187022	363653	172475	95818	21635	6966	2321	1159	342	100	2977	8930	463088	28942	8319	4537	906	49	15	5	1	0	0	0	0	0	0	348948
unclassified-kra_SRR26417118_.hist	475125495	99512796	21243195	7533981	4103372	2616504	1561676	1395025	1582217	806929	390696	192681	187383	309399	383883	505710	291526	121468	19323	28866	54524	89263	424000	132815	7811	4338	978	2608	224346	112172	33235	9874	3948	454	143	43889	182040	99293	19857	1102	366	149	78	28	3	0	0	0	0	294907
unclassified-kra_SRR26417179_.hist	430181099	90099404	20769907	7274747	3854152	2453517	1574845	1406789	1244482	634685	307299	195832	272266	449555	557780	228169	131531	54803	41931	103215	194960	305839	132529	38778	4379	14011	33347	88924	191520	95759	28372	8429	3370	387	122	6	109623	180758	36150	2007	668	272	143	52	7	1	0	0	0	274985
unclassified-kra_SRR26417173_.hist	438308664	88755172	19868479	6982015	3728697	2382172	1300589	1161800	1550343	790673	382825	188799	135017	222935	276603	400261	469380	195574	31113	16938	10986	14867	70617	137310	293414	186377	42084	13551	4516	2257	667	197	77	7	212988	143334	41207	22475	4494	248	81	32	16	5	0	0	0	0	0	294643
unclassified-kra_SRR26417109_.hist	496190372	95832172	19546212	7082250	3994058	2524251	2282580	1161962	543032	621228	724644	818847	314378	173787	167483	242358	384429	398580	63409	34521	38544	63102	299734	307578	18091	10050	2268	729	11987	167828	216704	64388	25754	2970	944	58	15	7	221872	66863	22286	9132	4846	1816	301	99	43	13	3	245140
unclassified-kra_SRR26417242_.hist	478558052	91075987	17916164	6512992	3689198	2337043	1986872	1563386	615582	423815	494367	558634	603088	333386	172516	132230	209743	280001	249551	135865	88128	27539	51136	99431	212471	118038	26652	8582	10338	144742	126892	37702	15080	1738	552	33	8	107642	176212	9788	3261	1335	708	264	43	13	4	0	0	244087
unclassified-kra_SRR26417308_.hist	476264714	82286350	18259226	6481159	3535647	2256368	1434975	1281845	1480101	754850	365480	180245	190695	314867	390668	435401	250995	104580	16636	35326	66727	109241	518896	151835	8930	4960	1119	359	118	58	16	3	337217	177154	56366	3521	1011	550	109	5	0	0	0	0	0	0	0	0	0	384686
unclassified-kra_SRR26417383_.hist	475826384	98352078	22050529	7763920	4164776	2664270	1428334	1275912	1927286	982914	475903	234704	126830	209416	259830	375989	596396	302988	48201	26242	17020	27864	132356	257359	212312	117950	26632	8575	2857	1427	422	124	88925	266776	176303	11017	3166	1726	344	18	5	1	0	0	0	0	0	0	0	408514
unclassified-kra_SRR26417446_.hist	417043983	91926681	21189004	7419025	3927173	2504808	1496773	1337049	1463909	746593	361482	178273	197419	325971	404444	526258	303371	126403	20108	12740	24063	39394	187123	363850	163994	91107	20571	6623	2206	1102	325	95	4383	13150	436058	27252	7834	4272	853	46	14	4	1	0	0	0	0	0	0	327751
unclassified-kra_SRR26417101_.hist	464016971	95404767	21401447	7541915	4053544	2586483	1528659	1365531	1631048	831833	402754	198628	181858	300276	372564	539121	310786	129493	20600	15794	29832	48838	231983	451077	48933	27184	6137	1975	657	327	96	27	102712	308136	118340	7395	2125	1158	230	11	2	0	0	0	0	0	0	0	0	375342
unclassified-kra_SRR26417133_.hist	473770073	91808373	20070425	7118276	3877190	2470661	1572332	1404544	1425640	727075	352032	173613	201861	333305	413544	517727	298453	124354	19782	14011	26464	43324	205792	400150	31554	100973	82889	26692	8896	4447	1316	390	155	16	298099	115560	33222	18120	3623	200	65	25	12	3	0	0	0	0	0	339899
unclassified-kra_SRR26416953_.hist	466248059	95420075	22050176	7774863	3962351	2542855	1270403	1134834	1714185	1421788	688396	339500	130343	190888	236842	342723	446429	186011	52663	129633	244861	400873	173711	50829	2988	1659	373	119	38	18	65960	131920	481802	55579	17683	1104	316	171	33	0	0	0	0	0	0	0	0	0	0	449136
unclassified-kra_SRR26417165_.hist	336881905	8433026	1982546	854346	483872	305015	1273572	1135943	447276	228110	110444	54467	39262	64828	80434	116391	184620	246463	176692	96198	62397	19498	8448	2471	144	79	16	4	0	5	259362	77063	30824	3554	1130	69	19	9	0	0	0	0	0	0	0	0	0	0	0	207789
unclassified-kra_SRR26417063_.hist	457579937	109483367	24307749	8591914	4647699	2948011	2061639	1841636	725143	454316	529946	598838	647715	358056	185282	134610	213519	285042	280132	152515	98927	30913	76349	148456	200449	111359	25144	8096	2697	1347	273110	81148	32458	3743	1190	73	20	9	226179	49524	16507	6764	3589	1345	223	73	31	9	2	250035
unclassified-kra_SRR26416991_.hist	454856367	90829105	19284261	6920561	3848453	2442274	1892198	1690276	665545	369111	430557	486528	676423	467624	241981	76992	99467	132785	279546	317212	205758	64298	27861	11003	23511	75236	179062	221749	73915	36956	25538	7587	3033	348	110	5	224175	140462	28091	1559	518	211	111	40	5	0	0	0	0	296968
unclassified-kra_SRR26417323_.hist	504683437	102603497	22854613	8047035	4316647	2755809	1561229	1394626	1712001	873119	422743	208486	174182	287602	356839	516366	460249	191769	30507	16608	17323	28360	134709	261934	255892	142161	32100	10336	3444	1721	508	150	59	5	446848	63161	18157	9903	1979	108	35	13	6	1	0	0	0	0	0	388519
unclassified-kra_SRR26417339_.hist	465913909	87196374	19071203	6814654	3762754	2394185	1732007	1547180	1193450	608658	294697	292005	405976	670332	417948	132982	76659	62853	132321	325712	323697	101154	43832	12825	11430	36575	87049	232129	145992	72995	21627	6425	2569	295	92	4	106884	218162	43631	2422	806	329	173	64	9	2	0	0	0	284228
unclassified-kra_SRR26417275_.hist	471774647	84978210	18309919	6583148	3671552	2330922	1872922	1673057	858924	438050	342528	387056	538125	633257	327691	104264	60104	73265	154241	379669	288545	90169	39072	11432	12867	41176	97998	261327	105849	52923	15680	4658	1862	213	67	3	183213	160308	32060	1780	592	241	127	46	6	1	0	0	0	278201
unclassified-kra_SRR26417156_.hist	468705700	96241272	21427661	7585689	4116559	2626404	1618176	1445496	1597155	814548	394384	194500	246446	406922	504884	427123	246223	102592	28058	69064	130454	213573	364361	106616	6270	3482	785	251	256289	128143	37967	11280	4511	519	164	52034	207929	113415	22682	1259	418	170	89	32	4	0	0	0	0	344609
unclassified-kra_SRR26417348_.hist	451161456	101793618	22967902	8095943	4353622	2765806	1875146	1675044	1113873	568074	282590	319325	443959	733048	379330	120695	69576	49631	104487	257198	402495	125778	54503	18167	38819	21565	43773	116728	219808	109903	32562	9674	3868	445	140	7	13794	268983	53795	2987	994	406	214	79	12	3	0	0	0	264435
unclassified-kra_SRR26416971_.hist	482146445	101784727	21109136	7506089	4108517	2614360	1653629	1477166	1269523	647455	313482	192360	267438	441584	547890	297458	171475	71447	35037	86244	162904	266698	194191	56821	3341	9416	22409	59757	204877	102437	30350	9017	3605	414	131	7	199049	127829	25564	1419	472	192	101	36	5	0	0	0	0	285954
unclassified-kra_SRR26417024_.hist	417113076	125412574	29076865	10356447	5211136	3298159	2642687	1935084	761938	567545	662024	748087	690287	381590	197461	181846	288445	385066	264586	144051	93437	35450	168387	327418	119260	66254	14959	4816	14249	199490	226356	67256	26901	3102	986	60	16	7	344318	25253	8416	3448	1829	685	113	36	15	4	0	306907
unclassified-kra_SRR26416966_.hist	446725031	28390495	6675693	2701229	1253276	758652	360233	321791	486070	556063	648631	689573	264745	146350	75731	40368	64032	85480	179957	296700	192453	60140	26059	7624	447	247	54	16	1395	19532	353525	105042	42016	4845	1540	95	26	13	1	0	0	0	0	0	0	0	0	0	0	319759
unclassified-kra_SRR26417044_.hist	467324562	89057299	19977567	7069037	3832769	2450055	1445875	1291582	1783512	909590	440401	217195	135722	224098	278047	402349	638208	265919	42304	23031	14938	16022	76107	147985	316225	203024	45843	14762	4919	2458	727	215	4028	12085	436523	27281	7842	4276	854	46	14	4	1	0	0	0	0	0	0	390934
unclassified-kra_SRR26417264_.hist	454999021	98478308	19549882	7014336	3899176	2472421	1812788	1619340	637614	362309	422623	477563	619737	342590	177279	102675	162862	217416	258236	140594	91195	28497	84625	164548	114852	63805	14406	4638	15816	221434	65609	19493	7796	898	284	16	3	190851	89868	4991	1662	680	360	134	21	6	1	0	0	241498
unclassified-kra_SRR26417258_.hist	501676449	143346170	26500816	9549528	5343910	3380653	2510525	1556724	612959	632205	737449	833317	553909	306200	158448	229283	363690	416054	66189	120370	227364	107400	58316	113391	242302	143218	32338	10413	3470	1734	280932	114507	45802	5282	1679	103	28	14	229163	72957	24318	9965	5288	1982	329	108	47	14	3	284945
unclassified-kra_SRR26417459_.hist	470876240	92659776	19272397	6928541	3863713	2452065	1888085	1686603	796743	406338	424483	479665	666880	368651	190765	104487	165738	221255	287494	156523	101527	31726	129809	252407	14846	8247	1861	598	271599	135798	40235	11954	4780	550	174	9	1	273833	68421	3800	1265	517	273	101	15	4	0	0	0	274400
unclassified-kra_SRR26417197_.hist	414124899	100590701	23486972	8605209	3906972	2491161	1404346	1254484	1894918	1123594	544018	268296	138643	228922	284032	411010	651946	271643	43215	23527	15259	18633	88506	172094	367742	206590	46648	15021	5006	2502	740	218	86	8	369171	116810	33582	18316	3662	202	66	26	12	3	0	0	0	0	0	372703
unclassified-kra_SRR26417692_.hist	481311061	93581842	20460066	7295125	4012765	2555492	1754039	1566861	1379245	703414	340576	228207	317277	523875	649992	219379	126464	54884	115546	284420	271496	84841	36763	19898	42520	136063	301735	97168	32388	16193	4796	1424	568	64	19	298107	101405	55311	11061	613	203	82	42	15	1	0	0	0	0	352742
unclassified-kra_SRR26417290_.hist	460199862	90861325	18926657	6790514	3774756	2393892	1847221	1650099	685089	349394	407558	460539	640289	407051	210636	71548	113489	151504	318955	173652	112638	35198	95077	183630	10800	13811	32870	87654	202013	101005	29926	8891	3555	409	129	7	35451	244366	48872	2714	903	369	195	72	11	2	0	0	0	266561
unclassified-kra_SRR26417450_.hist	458363366	115624671	19160898	7109726	3998689	2511196	1842181	905090	584995	669233	780641	598902	229934	191277	237324	343421	343236	143014	25886	63719	120358	197043	272441	79719	4688	2603	586	188	151383	215224	63769	18946	7577	873	276	16	3	104650	172832	9600	3199	1310	694	259	42	13	4	0	0	251380
unclassified-kra_SRR26417231_.hist	459691732	167637013	34299504	12134194	6575929	4170081	2530225	2106298	829354	597535	697007	787617	697812	385750	199613	219377	347977	464540	202990	110515	71684	81854	388808	113769	19149	61278	145841	178906	59634	29816	8833	2623	210240	119776	38109	2380	683	371	73	202170	67389	27617	14658	5495	914	303	135	44	13	277237
unclassified-kra_SRR26417062_.hist	463270961	98186731	20337427	7271221	4018737	2550837	1831516	1636070	759872	387533	424284	479440	666567	368478	190675	100995	160198	213860	305126	166123	107754	33672	37577	73067	156134	200856	45353	14604	4867	2432	207858	62933	25172	2902	922	56	15	180870	115931	6439	2145	878	465	173	27	8	2	0	0	264819
unclassified-kra_SRR26417681_.hist	482897099	90678318	20072455	7124325	3886047	2477711	1602578	1431562	1520537	775473	375465	185170	210913	348251	432088	520620	300121	125049	19893	15012	28355	46421	220502	428753	121527	67514	15244	4908	1635	816	240	70	61404	184212	270234	16888	4854	2646	528	28	8	2	0	0	0	0	0	0	0	391871
unclassified-kra_SRR26417048_.hist	443907742	80985794	17675737	6299399	3462343	2203518	1540287	1375919	1175114	599307	290169	193213	268624	443541	550318	210416	121297	50539	62095	152850	288715	90222	39095	26543	56718	181497	147631	47541	15846	7922	2346	696	277	31	225641	125478	36073	19675	3934	217	71	28	14	4	0	0	0	0	0	310208
unclassified-kra_SRR26417278_.hist	471219533	94661676	20114885	7147188	3906684	2492556	1490030	1331025	1477727	753640	364894	179956	243051	401316	497929	337032	194288	80952	62164	153018	289033	90321	39138	17113	36567	117014	278493	89683	29893	14945	4427	1314	524	59	17	266815	94376	51477	10294	570	189	76	39	13	1	0	0	0	0	312465
unclassified-kra_SRR26417237_.hist	483528111	97069737	19095235	6919728	3903368	2474058	2007823	1690508	665636	375082	437522	494399	687365	441434	228428	72680	110917	148071	311728	271851	176334	55103	23877	24383	52103	166729	121862	39242	167052	83525	24747	7352	2939	338	106	5	177602	167695	33538	1862	619	252	133	48	7	1	0	0	0	303156
unclassified-kra_SRR26417134_.hist	486795238	104057179	19956374	7278147	4134405	2610239	2396498	1250943	492557	546408	637369	720226	524246	289802	149963	169644	269090	359228	168802	91902	59611	39934	189689	349568	20561	11422	2578	829	64634	273613	81069	24087	9633	1110	352	21	5	180522	158955	8829	2942	1204	638	238	38	11	4	0	0	281211
unclassified-kra_SRR26417310_.hist	332390890	10457984	2458683	1049317	578407	359125	1192728	586004	230738	117675	71122	80367	111734	184491	228905	331036	190831	79512	12648	6885	4465	3203	15216	29586	63222	202310	45681	14710	4902	2450	724	214	84	8	166688	10417	2993	1632	325	17	4	0	0	0	0	0	0	0	0	183006
unclassified-kra_SRR26417212_.hist	501251559	90105916	19429410	6952258	3847572	2449595	1734750	1549631	1371392	699409	338637	223895	311281	513975	637709	202906	116968	48735	80244	197523	360809	112751	48858	14295	26007	83222	198068	177090	59029	29513	8743	2597	1037	118	36	235859	107494	58632	11725	650	215	87	45	16	1	0	0	0	0	333681
unclassified-kra_SRR26417251_.hist	394586477	78062654	18204238	6630212	3078847	1971313	1202825	1074468	1623001	827729	400766	197648	148182	244672	303574	439288	419193	174662	27786	15127	20386	33374	158528	308248	191004	106112	23959	7714	2570	1284	379	111	43	4	455732	33751	9702	5291	1057	57	18	6	2	0	0	0	0	0	0	342212
unclassified-kra_SRR26417346_.hist	455997282	99341171	21829718	7762075	4248378	2695192	1994002	1781217	767154	397610	463800	524093	728649	402796	208434	112258	178064	237710	264505	144007	93409	44463	211202	215983	12703	7056	1592	511	254888	146458	43394	12892	5156	593	187	10	2	278480	55695	3093	1030	421	222	82	12	3	0	0	0	264705
unclassified-kra_SRR26417619_.hist	457249488	154857188	22809895	8621140	4789462	2987243	1432621	703867	1063202	1216302	623179	307337	247418	408526	506874	317545	183054	76271	73807	181677	343168	107239	55095	107129	147109	81726	18453	5941	18258	255624	134200	39874	15948	1838	584	35	9	16377	297790	16542	5513	2258	1197	448	73	23	9	2	0	281324
unclassified-kra_SRR26417338_.hist	338319265	20246883	4760755	1936290	915202	553086	282694	252526	381444	436371	509013	575184	226835	125393	64886	20644	22258	29713	62554	153979	290848	90889	39384	11523	676	375	83	25	7	2	71712	143423	120040	13846	4404	274	77	41	7	0	0	0	0	0	0	0	0	0	0	223071
unclassified-kra_SRR26417452_.hist	455577083	166136513	27990736	10216489	5718893	3582169	1728420	849198	1282726	1143183	553502	379893	528167	590842	305743	136874	217111	289836	298215	162360	105314	33605	159625	310381	32488	18048	41444	110516	182959	91478	27103	8052	4881	14642	259891	16242	4668	2545	508	33862	91648	37559	64689	24257	4041	1346	602	199	65	188043
unclassified-kra_SRR26417302_.hist	468250112	87574845	19082316	6813490	3757340	2389855	1725086	1540998	1174873	599184	290110	261462	363512	600217	510351	162383	93608	39002	82109	202114	381771	132434	57387	16791	10451	33444	79597	212259	139224	69611	20624	6127	2449	281	88	4	113953	206355	41270	2291	762	311	164	60	9	2	0	0	0	291719
unclassified-kra_SRR26417108_.hist	461392917	102033325	21613126	7744110	4295436	2721793	2128962	1647495	648700	450566	525573	593896	697984	385845	199662	106328	168658	225154	352871	192117	124615	38941	43711	84993	181619	197919	44690	14390	4795	2396	242762	72131	28851	3327	1057	65	17	79497	234309	13016	4337	1776	942	352	57	18	7	1	0	293419
unclassified-kra_SRR26417366_.hist	491269556	97384365	19263660	7025512	3995616	2526330	2313430	1371381	539980	531959	620515	701181	577646	319322	165239	145122	230193	307301	272235	148215	96139	32709	155369	302106	17769	9871	8680	23147	272089	136043	40308	11975	4789	551	174	9	1	311951	62389	3465	1154	471	249	92	14	3	0	0	0	296604
unclassified-kra_SRR26417599_.hist	461891072	83309808	18082542	6434906	3527481	2246688	1500774	1340622	1327383	676964	327769	161647	178160	294170	364988	511930	295111	122962	19561	10648	18080	29599	140596	273380	192954	107196	24204	7793	2596	1297	383	112	44	4	384405	46482	13362	7287	1456	79	25	9	4	0	0	0	0	0	0	323082
unclassified-kra_SRR26417321_.hist	435032111	84696863	19683474	7068955	3404269	2180581	1271923	1136192	1716236	1080351	523080	257970	115227	190258	236060	341592	541834	225763	35915	19553	27094	44357	210695	409685	82637	45908	10365	3337	1111	554	163	47	81332	243997	217118	13568	3900	2126	424	22	6	1	0	0	0	0	0	0	0	398805
unclassified-kra_SRR26417238_.hist	483481950	118911694	22222273	8090006	4591019	2899900	2503108	1229814	549419	628534	733167	828478	498174	275390	143383	207483	329111	439354	103558	56380	54305	88904	422296	134204	7893	4384	988	317	259214	190592	56470	16778	6710	773	244	14	3	188982	181195	10065	3354	1373	728	272	44	13	5	0	0	297118
unclassified-kra_SRR26417378_.hist	474409376	93729302	20356468	7234835	3956487	2526706	1515919	1354151	1683144	858402	415617	204972	184564	304745	378109	547145	370185	154242	24537	19393	36631	59970	284857	302453	17790	25202	59981	159950	64963	32480	9622	2858	1142	130	40	300673	86442	47149	9428	522	173	70	36	12	1	0	0	0	0	353930
unclassified-kra_SRR26417269_.hist	458967895	91711141	20564454	7276479	3945008	2517558	1560094	1393612	1598190	815076	394640	194626	213214	352051	436803	560052	322852	134521	21400	20927	39527	64712	307381	274484	16145	26253	62482	166618	55538	27768	8226	2443	976	111	29528	281005	80788	44065	8812	488	161	65	33	11	0	0	0	0	0	325494
unclassified-kra_SRR26417158_.hist	420835258	90667841	21042402	7520198	3908909	2495503	1778009	1588273	1759461	897324	434462	214266	292163	482409	598543	410872	236854	112058	235910	195636	126898	39654	67025	130326	278489	316582	71485	23019	7672	3835	1135	336	133	14	515244	79518	22860	12468	2492	137	44	17	8	2	0	0	0	0	0	475361
unclassified-kra_SRR26416961_.hist	475725708	84602817	18579317	6643063	3672005	2337156	1705889	1523849	1320780	673597	326139	177356	246578	407139	505153	458014	264030	110011	17500	14074	26584	43522	206728	401971	173165	96202	21722	6994	2330	1164	343	101	39	3	464541	39509	11357	6194	1237	67	21	7	3	0	0	0	0	0	0	365799
unclassified-kra_SRR26417221_.hist	470944329	127730912	24098448	8691270	4869895	3072992	2447139	1202315	550041	629246	733997	804127	308726	202731	251535	363986	386754	161146	36281	89307	168690	276170	131629	38515	52498	167993	37933	12214	7730	108220	212603	63169	25266	2913	926	56	15	7	261563	35491	11829	4847	2571	963	159	52	22	6	1	252591
unclassified-kra_SRR26417340_.hist	483312449	107785883	22746938	8163215	4539481	2877431	2252201	1858918	731948	500553	583880	659784	690332	381615	197473	128785	204279	272707	337641	183826	119237	37260	51993	101097	216031	187749	42394	13651	4549	2273	270272	80305	32121	3704	1177	72	19	37628	266917	14827	4941	2024	1073	401	65	20	8	1	0	286345
unclassified-kra_SRR26417039_.hist	435065787	78260805	18126891	6436195	3273905	2094826	1274229	1138253	1719348	933598	452026	222928	118181	195135	242111	350348	555723	231550	36836	20054	16519	27044	128458	249779	181555	100863	22774	7333	2443	1220	360	106	67687	203060	185462	11590	3331	1816	362	19	5	1	0	0	0	0	0	0	0	337443
unclassified-kra_SRR26417403_.hist	491885278	81956830	16559630	5993812	3375644	2141618	1742011	1556117	831243	423932	295809	334263	464728	562298	290971	92580	53369	64749	136314	335542	217648	68014	29471	14756	31531	34494	82096	218924	95951	47974	14213	4222	1687	193	60	2	163827	142436	28486	1581	526	214	112	41	5	0	0	0	0	243504
unclassified-kra_SRR26417268_.hist	455917686	87408530	19115800	6777380	3689090	2348030	1546072	1381087	1214882	619589	299989	170035	236399	390333	484301	328239	189219	78840	43677	107513	203079	63461	28132	54701	116888	317702	71738	23101	7699	3848	1139	337	134	14	231045	131020	37667	20544	4107	227	74	29	14	4	0	0	0	0	0	315792
unclassified-kra_SRR26416999_.hist	477143511	93144082	20882897	7384105	3997663	2549823	1598340	1427777	1580430	806018	390254	192463	218701	361110	448043	529298	305123	127133	20224	46263	87385	143061	66669	129635	277012	207856	46934	15113	5036	2517	744	220	87	9	257724	155333	44657	24357	4870	269	88	35	17	5	0	0	0	0	0	337238
unclassified-kra_SRR26417019_.hist	463607170	163316794	25922537	9587705	5353137	3348327	1530964	824661	1245662	1166419	564752	309251	429953	632218	327153	133871	212346	283476	293012	159528	103476	32335	114808	223237	157878	87709	19804	6376	49662	214037	63417	18842	7535	868	196994	12311	3538	1929	384	88629	95678	39211	20812	7803	1299	432	192	63	20	229639
unclassified-kra_SRR26417030_.hist	480283851	99011107	20740170	7451270	4150652	2632737	2048286	1829709	720446	393209	458667	518292	720584	458542	237281	75497	114928	153426	323001	301725	195712	61159	26501	24827	53053	169769	148269	47746	15914	196794	58308	17324	6928	798	253	14	50015	269813	53961	2996	997	407	215	79	12	3	0	0	0	300976
unclassified-kra_SRR26417198_.hist	470870790	90881261	20238907	7138202	3843573	2452290	1455927	1300561	1548771	789872	382437	188608	154827	255644	317187	458988	450778	187823	29879	16266	10550	13680	64981	126351	269996	245001	55321	17814	5937	2967	878	259	102	10	134746	205830	59175	32276	6454	357	118	47	24	8	0	0	0	0	0	312050
unclassified-kra_SRR26417085_.hist	477683556	73573862	16820340	5970423	3257026	2077424	1461716	1305732	1444792	736843	356761	175945	175218	289312	358960	519436	305534	127305	20252	13492	25484	41721	198176	385342	122936	68297	15420	4965	1654	826	243	71	32367	97100	340088	21254	6109	3331	665	35	10	3	0	0	0	0	0	0	0	358933
unclassified-kra_SRR26416969_.hist	348179291	9976992	2345548	1007609	565729	354959	1592821	957045	376835	192185	93050	45889	63037	104084	129141	186873	296419	313610	49891	27162	17617	5504	4354	8465	18088	57881	137756	44361	14786	7392	2189	649	128502	77433	24636	1538	441	239	46	1	0	0	0	0	0	0	0	0	0	213155
unclassified-kra_SRR26417326_.hist	484305668	127837379	29727649	10700790	4880496	3115642	1169633	1044818	1578214	1805476	986848	486690	186853	152020	188617	272939	432936	577959	453461	246883	160139	50042	21684	6344	372	205	45	13	47341	662781	305213	90687	36274	4183	1330	82	22	11	1	0	0	0	0	0	0	0	0	0	0	617598
unclassified-kra_SRR26416950_.hist	431287600	101831804	23636156	8450612	3958598	2542514	1109820	991388	1497507	1687088	816848	402850	154664	85497	76332	110456	175206	233895	492410	431971	280196	87560	37941	11101	652	361	80	24	7	2	199450	398900	170066	19617	6241	389	110	59	10	0	0	0	0	0	0	0	0	0	0	439119
unclassified-kra_SRR26416938_.hist	472153158	90703087	18697118	6727676	3756517	2386939	1778934	1589099	1054671	537881	260429	294283	409143	675561	409763	130378	75158	43552	91688	225694	402581	125805	54514	15950	8407	26903	64028	170742	169452	84725	25102	7457	2982	343	108	5	87214	223584	44715	2483	826	337	178	65	9	2	0	0	0	276925
unclassified-kra_SRR26417071_.hist	471349267	134302155	24000644	8741336	4937327	3107885	2202309	1082027	629794	720483	840423	845162	324480	179372	203714	294785	467589	380520	60536	32957	50107	82032	389652	196178	13051	41763	99397	32008	10668	5333	291985	87264	34904	4025	1279	78	21	10	209902	78995	26330	10790	5726	2146	356	117	51	16	4	250945
unclassified-kra_SRR26417372_.hist	478332258	89941653	20103983	7096775	3828489	2450377	1337253	1194551	1804387	1002161	485222	239299	121680	200914	249281	360723	572181	238407	37927	20648	27166	44474	211253	410769	47908	26615	6008	1934	643	320	94	26	113921	341763	108742	6795	1952	1064	211	10	2	0	0	0	0	0	0	0	0	395912
unclassified-kra_SRR26417207_.hist	478542114	100162321	19087918	6925237	3912517	2470738	2163127	1240062	488273	486567	567567	641349	488997	270317	139880	142072	225355	300842	168736	91866	59588	46596	221332	206512	12146	6747	1522	489	238390	122713	36358	10802	4319	497	157	8	1	236708	79201	4399	1465	599	317	117	18	5	1	0	0	248004
unclassified-kra_SRR26417115_.hist	477378452	93688934	20585818	7338352	4035327	2568963	1790986	1599865	1441971	735404	356064	175602	244139	403113	500158	507874	292773	121988	19406	44317	83709	137043	248621	72749	155454	277410	62640	20171	6722	3360	994	294	116	12	290656	158668	45616	24880	4975	275	90	36	18	5	0	0	0	0	0	365766
unclassified-kra_SRR26417318_.hist	468991766	103848562	23716848	8355538	4487935	2864222	1748162	1561611	1852438	944742	457421	225589	189249	312480	387706	561033	549408	228919	36417	19826	18630	30499	144873	281697	281467	156369	35308	69313	23103	11550	3421	1015	405	45	253171	192703	55401	30217	6042	334	110	44	22	7	0	0	0	0	0	392211
unclassified-kra_SRR26417213_.hist	468128533	164034296	28736035	10544330	5894100	3689144	1911285	939042	1081824	1237606	955429	471195	252307	416599	516891	444180	256055	106688	94618	232906	390384	121994	52863	40177	85852	274727	131960	42494	14163	7080	107119	214238	85694	9884	3144	195	55	29	217750	100468	33488	13723	7283	2730	454	150	66	21	6	302529
unclassified-kra_SRR26417277_.hist	475620984	106621281	19648988	7171099	4076638	2574770	2277196	1221272	480874	550119	641698	725118	451867	249791	133587	193308	306626	409337	91469	49799	43905	71878	341421	161204	9481	5266	1188	381	264717	132357	39216	11651	4659	536	169	9	31293	250040	50007	2777	924	377	199	73	11	2	0	0	0	274220
unclassified-kra_SRR26417300_.hist	456257127	165854091	29157510	10532883	5915580	3719173	2235007	1098091	786249	899467	1049203	557663	222509	367397	455844	417359	240594	100246	114700	282339	299416	93566	40544	47243	100953	323048	72945	23489	7828	3913	85573	171145	156209	18019	5732	357	101	54	68721	161070	53689	22002	11678	4378	728	241	107	34	10	255701
unclassified-kra_SRR26417390_.hist	481784998	118715461	20899772	7722204	4353618	2737744	2152363	1057487	572995	655505	764628	864028	331724	183376	155724	225340	357436	477167	78579	42781	27749	43956	208790	381589	22445	12468	2814	905	55722	290608	86105	25583	10232	1179	374	22	5	123051	231816	12877	4291	1757	932	348	57	18	7	1	0	298362
unclassified-kra_SRR26417301_.hist	459841260	99852092	21199965	7598465	4216956	2674677	2055224	1835906	722887	411168	479615	541964	733452	405452	209808	87966	139531	186269	392146	213500	138486	43275	33037	64238	137267	183123	41349	13314	12986	181809	117601	34942	13975	1611	511	30	7	244721	96189	5342	1779	728	385	143	22	6	1	0	0	289497
unclassified-kra_SRR26417349_.hist	483306525	90816068	20621976	7257562	3889040	2489241	1361706	1216395	1781272	908448	439848	216922	224093	370014	459090	370736	213717	89048	30651	75447	142511	233311	454132	132884	7815	4341	979	314	103	50	14	3	493125	117424	37361	2334	670	364	71	2	0	0	0	0	0	0	0	0	0	421844
unclassified-kra_SRR26417011_.hist	481913495	103081258	22371699	7955535	4355308	2774242	1796534	1604821	1557983	794570	384712	189730	263782	435546	540399	435197	250877	104531	32645	80356	151784	248492	233433	68304	11479	36732	87421	233122	104122	52060	15424	4582	1831	210	65	113380	185242	101040	20207	1121	372	151	79	28	3	0	0	0	0	330914
unclassified-kra_SRR26417222_.hist	466016699	110380811	21368710	7690196	4295007	2719161	2069742	1492354	587613	474226	553171	625082	562478	310937	160900	119426	189433	252888	301123	163944	106341	33230	48028	93388	199557	110864	25032	8060	10111	141566	165251	49100	19639	2264	719	43	11	2080	278246	15457	5151	2110	1119	418	68	21	8	1	0	253515
unclassified-kra_SRR26417174_.hist	489699444	88563198	19558402	6944038	3789971	2419783	1501865	1341597	1618808	825591	399731	197137	183257	302587	375431	543271	396210	165086	26262	14297	19144	31341	148870	289469	242701	134833	30445	9803	3266	1632	482	142	55	5	402814	66471	19109	10422	2083	114	37	14	6	1	0	0	0	0	0	367884
